УБИ,Наименование УБИ,Источник БДУ,Источники S,Потенциал,Q threat,Объект воздействия,К,Ц,Д,q threat,Группы ST,Уязвимые звенья VL,Методы противодействия,Деструктивные действия DA
УБИ.001,Угроза автоматического распространения вредоносного кода в грид-системе,Внешний нарушитель со средним потенциалом; Внутренний нарушитель со средним потенциалом,"S1 Конкуренты; S2 Недобросовестные партнёры; S3 Персонал организации; S4 Хакеры, мошенники",medium,0.66,Ресурсные центры грид-системы,t,t,t,1.00,ST1 Инсталляция и запуск вирусов; ST2 Несанкционированный доступ,"VL1 Нештатное дополнительное ПО; VL2 Устаревшие версии ПО или версии, имеющие уязвимости; VL3 Допустимость установки недекларируемого ПО; VL4 Обход администратором правил и режимов безопасности; VL5 Носители информации; VL6 Открытые ОС; VL7 Отсутствие средств защиты ЛВС",AD Системы / настройки администрирования; A Антивирус; DD DDoS-фильтры; DS Цифровая подпись; DZ Демилитаризованная зона ЛВС; FW Межсетевой экран; HP Honeypot; IDS Система обнаружения вторжений; L Программная защита информации от НСД; R Резервное копирование,DA1 Копирование (чтение) информации; DA3 Уничтожение информации; DA4 Модификация информации; DA5 Блокирование информации; DA6 Хищение информации; DA7 Нарушение работоспособности системы
УБИ.002,"Угроза агрегирования данных, передаваемых в грид-системе",Внешний нарушитель со средним потенциалом,"S1 Конкуренты; S2 Недобросовестные партнёры; S4 Хакеры, мошенники",medium,0.66,Сетевой трафик,t,f,f,0.33,ST2 Несанкционированный доступ; ST4 Перехват трафика,"VL2 Устаревшие версии ПО или версии, имеющие уязвимости; VL4 Обход администратором правил и режимов безопасности; VL6 Открытые ОС; VL7 Отсутствие средств защиты ЛВС",AD Системы / настройки администрирования; A Антивирус; DD DDoS-фильтры; DZ Демилитаризованная зона ЛВС; FW Межсетевой экран; HP Honeypot; IDS Система обнаружения вторжений; L Программная защита информации от НСД; R Резервное копирование,DA1 Копирование (чтение) информации; DA2 Перехват информации; DA4 Модификация информации; DA6 Хищение информации; DA7 Нарушение работоспособности системы
УБИ.003,Угроза использования слабостей криптографических алгоритмов и уязвимостей в программном обеспечении их реализации,Внешний нарушитель со средним потенциалом; Внутренний нарушитель со средним потенциалом,"S1 Конкуренты; S2 Недобросовестные партнёры; S3 Персонал организации; S4 Хакеры, мошенники",medium,0.66,"Метаданные, системное программное обеспечение",t,t,f,0.66,ST2 Несанкционированный доступ,"VL2 Устаревшие версии ПО или версии, имеющие уязвимости; VL4 Обход администратором правил и режимов безопасности; VL6 Открытые ОС; VL7 Отсутствие средств защиты ЛВС",AD Системы / настройки администрирования; A Антивирус; DD DDoS-фильтры; DZ Демилитаризованная зона ЛВС; FW Межсетевой экран; HP Honeypot; IDS Система обнаружения вторжений; L Программная защита информации от НСД; R Резервное копирование,DA1 Копирование (чтение) информации; DA4 Модификация информации; DA6 Хищение информации; DA7 Нарушение работоспособности системы
УБИ.004,Угроза аппаратного сброса пароля BIOS,Внутренний нарушитель с низким потенциалом,S3 Персонал организации,low,0.33,Микропрограммное и аппаратное обеспечение BIOS/UEFI,f,t,f,0.33,ST2 Несанкционированный доступ,"VL2 Устаревшие версии ПО или версии, имеющие уязвимости; VL4 Обход администратором правил и режимов безопасности; VL6 Открытые ОС; VL7 Отсутствие средств защиты ЛВС",AD Системы / настройки администрирования; A Антивирус; DD DDoS-фильтры; DZ Демилитаризованная зона ЛВС; FW Межсетевой экран; HP Honeypot; IDS Система обнаружения вторжений; L Программная защита информации от НСД; R Резервное копирование,DA1 Копирование (чтение) информации; DA4 Модификация информации; DA6 Хищение информации; DA7 Нарушение работоспособности системы
УБИ.005,Угроза внедрения вредоносного кода в BIOS,Внутренний нарушитель с высоким потенциалом,S3 Персонал организации,high,1.00,Микропрограммное и аппаратное обеспечение BIOS/UEFI,t,t,t,1.00,ST1 Инсталляция и запуск вирусов,"VL1 Нештатное дополнительное ПО; VL2 Устаревшие версии ПО или версии, имеющие уязвимости; VL3 Допустимость установки недекларируемого ПО; VL5 Носители информации; VL6 Открытые ОС",AD Системы / настройки администрирования; A Антивирус; DS Цифровая подпись; FW Межсетевой экран; IDS Система обнаружения вторжений; L Программная защита информации от НСД; R Резервное копирование,DA3 Уничтожение информации; DA4 Модификация информации; DA5 Блокирование информации; DA7 Нарушение работоспособности системы
УБИ.006,Угроза внедрения кода или данных,Внешний нарушитель с низким потенциалом,"S4 Хакеры, мошенники",low,0.33,"Системное программное обеспечение, прикладное программное обеспечение, сетевое программное обеспечение",t,t,t,1.00,ST1 Инсталляция и запуск вирусов; ST2 Несанкционированный доступ; ST3 DDoS-атаки,"VL1 Нештатное дополнительное ПО; VL2 Устаревшие версии ПО или версии, имеющие уязвимости; VL3 Допустимость установки недекларируемого ПО; VL4 Обход администратором правил и режимов безопасности; VL5 Носители информации; VL6 Открытые ОС; VL7 Отсутствие средств защиты ЛВС",AD Системы / настройки администрирования; A Антивирус; DD DDoS-фильтры; DS Цифровая подпись; DZ Демилитаризованная зона ЛВС; FW Межсетевой экран; HP Honeypot; IDS Система обнаружения вторжений; L Программная защита информации от НСД; R Резервное копирование,DA1 Копирование (чтение) информации; DA3 Уничтожение информации; DA4 Модификация информации; DA5 Блокирование информации; DA6 Хищение информации; DA7 Нарушение работоспособности системы
УБИ.007,Угроза воздействия на программы с высокими привилегиями,Внешний нарушитель со средним потенциалом; Внутренний нарушитель со средним потенциалом,"S1 Конкуренты; S2 Недобросовестные партнёры; S3 Персонал организации; S4 Хакеры, мошенники",medium,0.66,"Информационная система, виртуальная машина, сетевое программное обеспечение, сетевой трафик",t,t,f,0.66,ST2 Несанкционированный доступ; ST4 Перехват трафика,"VL2 Устаревшие версии ПО или версии, имеющие уязвимости; VL4 Обход администратором правил и режимов безопасности; VL6 Открытые ОС; VL7 Отсутствие средств защиты ЛВС",AD Системы / настройки администрирования; A Антивирус; DD DDoS-фильтры; DZ Демилитаризованная зона ЛВС; FW Межсетевой экран; HP Honeypot; IDS Система обнаружения вторжений; L Программная защита информации от НСД; R Резервное копирование,DA1 Копирование (чтение) информации; DA2 Перехват информации; DA4 Модификация информации; DA6 Хищение информации; DA7 Нарушение работоспособности системы
УБИ.008,Угроза восстановления и/или повторного использования аутентификационной информации,Внешний нарушитель с низким потенциалом; Внутренний нарушитель с низким потенциалом,"S3 Персонал организации; S4 Хакеры, мошенники",low,0.33,"Системное программное обеспечение, микропрограммное обеспечение, учётные данные пользователя",t,f,f,0.33,ST2 Несанкционированный доступ; ST4 Перехват трафика,"VL2 Устаревшие версии ПО или версии, имеющие уязвимости; VL4 Обход администратором правил и режимов безопасности; VL6 Открытые ОС; VL7 Отсутствие средств защиты ЛВС",AD Системы / настройки администрирования; A Антивирус; DD DDoS-фильтры; DZ Демилитаризованная зона ЛВС; FW Межсетевой экран; HP Honeypot; IDS Система обнаружения вторжений; L Программная защита информации от НСД; R Резервное копирование,DA1 Копирование (чтение) информации; DA2 Перехват информации; DA4 Модификация информации; DA6 Хищение информации; DA7 Нарушение работоспособности системы
УБИ.009,Угроза восстановления предыдущей уязвимой версии BIOS,Внутренний нарушитель с низким потенциалом,S3 Персонал организации,low,0.33,Микропрограммное обеспечение BIOS/UEFI,t,t,t,1.00,ST2 Несанкционированный доступ,"VL2 Устаревшие версии ПО или версии, имеющие уязвимости; VL4 Обход администратором правил и режимов безопасности; VL6 Открытые ОС; VL7 Отсутствие средств защиты ЛВС",AD Системы / настройки администрирования; A Антивирус; DD DDoS-фильтры; DZ Демилитаризованная зона ЛВС; FW Межсетевой экран; HP Honeypot; IDS Система обнаружения вторжений; L Программная защита информации от НСД; R Резервное копирование,DA1 Копирование (чтение) информации; DA4 Модификация информации; DA6 Хищение информации; DA7 Нарушение работоспособности системы
УБИ.010,Угроза выхода процесса за пределы виртуальной машины,Внешний нарушитель со средним потенциалом; Внутренний нарушитель со средним потенциалом,"S1 Конкуренты; S2 Недобросовестные партнёры; S3 Персонал организации; S4 Хакеры, мошенники",medium,0.66,"Информационная система, сетевой узел, носитель информации, объекты файловой системы, учётные данные пользователя, образ виртуальной машины",t,t,t,1.00,ST1 Инсталляция и запуск вирусов; ST2 Несанкционированный доступ,"VL1 Нештатное дополнительное ПО; VL2 Устаревшие версии ПО или версии, имеющие уязвимости; VL3 Допустимость установки недекларируемого ПО; VL4 Обход администратором правил и режимов безопасности; VL5 Носители информации; VL6 Открытые ОС; VL7 Отсутствие средств защиты ЛВС",AD Системы / настройки администрирования; A Антивирус; DD DDoS-фильтры; DS Цифровая подпись; DZ Демилитаризованная зона ЛВС; FW Межсетевой экран; HP Honeypot; IDS Система обнаружения вторжений; L Программная защита информации от НСД; R Резервное копирование,DA1 Копирование (чтение) информации; DA3 Уничтожение информации; DA4 Модификация информации; DA5 Блокирование информации; DA6 Хищение информации; DA7 Нарушение работоспособности системы
УБИ.011,Угроза деавторизации санкционированного клиента беспроводной сети,Внешний нарушитель с низким потенциалом; Внутренний нарушитель с низким потенциалом,"S3 Персонал организации; S4 Хакеры, мошенники",low,0.33,Сетевой узел,f,f,t,0.33,ST2 Несанкционированный доступ,"VL2 Устаревшие версии ПО или версии, имеющие уязвимости; VL4 Обход администратором правил и режимов безопасности; VL6 Открытые ОС; VL7 Отсутствие средств защиты ЛВС",AD Системы / настройки администрирования; A Антивирус; DD DDoS-фильтры; DZ Демилитаризованная зона ЛВС; FW Межсетевой экран; HP Honeypot; IDS Система обнаружения вторжений; L Программная защита информации от НСД; R Резервное копирование,DA1 Копирование (чтение) информации; DA4 Модификация информации; DA6 Хищение информации; DA7 Нарушение работоспособности системы
УБИ.012,Угроза деструктивного изменения конфигурации/среды окружения программ,Внутренний нарушитель с низким потенциалом,S3 Персонал организации,low,0.33,"Системное программное обеспечение, прикладное программное обеспечение, сетевое программное обеспечение, микропрограммное обеспечение, метаданные, объекты файловой системы, реестр",t,t,t,1.00,ST2 Несанкционированный доступ,"VL2 Устаревшие версии ПО или версии, имеющие уязвимости; VL4 Обход администратором правил и режимов безопасности; VL6 Открытые ОС; VL7 Отсутствие средств защиты ЛВС",AD Системы / настройки администрирования; A Антивирус; DD DDoS-фильтры; DZ Демилитаризованная зона ЛВС; FW Межсетевой экран; HP Honeypot; IDS Система обнаружения вторжений; L Программная защита информации от НСД; R Резервное копирование,DA1 Копирование (чтение) информации; DA4 Модификация информации; DA6 Хищение информации; DA7 Нарушение работоспособности системы
УБИ.013,Угроза деструктивного использования декларированного функционала BIOS,Внутренний нарушитель с низким потенциалом,S3 Персонал организации,low,0.33,Микропрограммное обеспечение BIOS/UEFI,f,t,f,0.33,ST2 Несанкционированный доступ,"VL2 Устаревшие версии ПО или версии, имеющие уязвимости; VL4 Обход администратором правил и режимов безопасности; VL6 Открытые ОС; VL7 Отсутствие средств защиты ЛВС",AD Системы / настройки администрирования; A Антивирус; DD DDoS-фильтры; DZ Демилитаризованная зона ЛВС; FW Межсетевой экран; HP Honeypot; IDS Система обнаружения вторжений; L Программная защита информации от НСД; R Резервное копирование,DA1 Копирование (чтение) информации; DA4 Модификация информации; DA6 Хищение информации; DA7 Нарушение работоспособности системы
УБИ.014,Угроза длительного удержания вычислительных ресурсов пользователями,Внешний нарушитель с низким потенциалом; Внутренний нарушитель с низким потенциалом,"S3 Персонал организации; S4 Хакеры, мошенники",low,0.33,"Информационная система, сетевой узел, носитель информации, системное программное обеспечение, сетевое программное обеспечение, сетевой трафик",f,f,t,0.33,ST4 Перехват трафика; ST7 Проникновение через сервисы,"VL2 Устаревшие версии ПО или версии, имеющие уязвимости; VL4 Обход администратором правил и режимов безопасности; VL6 Открытые ОС; VL7 Отсутствие средств защиты ЛВС",AD Системы / настройки администрирования; A Антивирус; DD DDoS-фильтры; DZ Демилитаризованная зона ЛВС; FW Межсетевой экран; HP Honeypot; IDS Система обнаружения вторжений; L Программная защита информации от НСД; R Резервное копирование,DA1 Копирование (чтение) информации; DA2 Перехват информации; DA4 Модификация информации; DA5 Блокирование информации; DA7 Нарушение работоспособности системы
УБИ.015,Угроза доступа к защищаемым файлам с использованием обходного пути,Внешний нарушитель с низким потенциалом; Внутренний нарушитель с низким потенциалом,"S3 Персонал организации; S4 Хакеры, мошенники",low,0.33,Объекты файловой системы,t,f,f,0.33,ST2 Несанкционированный доступ,"VL2 Устаревшие версии ПО или версии, имеющие уязвимости; VL4 Обход администратором правил и режимов безопасности; VL6 Открытые ОС; VL7 Отсутствие средств защиты ЛВС",AD Системы / настройки администрирования; A Антивирус; DD DDoS-фильтры; DZ Демилитаризованная зона ЛВС; FW Межсетевой экран; HP Honeypot; IDS Система обнаружения вторжений; L Программная защита информации от НСД; R Резервное копирование,DA1 Копирование (чтение) информации; DA4 Модификация информации; DA6 Хищение информации; DA7 Нарушение работоспособности системы
УБИ.016,Угроза доступа к локальным файлам сервера при помощи URL,Внешний нарушитель со средним потенциалом,"S1 Конкуренты; S2 Недобросовестные партнёры; S4 Хакеры, мошенники",medium,0.66,Сетевое программное обеспечение,t,f,f,0.33,ST2 Несанкционированный доступ,"VL2 Устаревшие версии ПО или версии, имеющие уязвимости; VL4 Обход администратором правил и режимов безопасности; VL6 Открытые ОС; VL7 Отсутствие средств защиты ЛВС",AD Системы / настройки администрирования; A Антивирус; DD DDoS-фильтры; DZ Демилитаризованная зона ЛВС; FW Межсетевой экран; HP Honeypot; IDS Система обнаружения вторжений; L Программная защита информации от НСД; R Резервное копирование,DA1 Копирование (чтение) информации; DA4 Модификация информации; DA6 Хищение информации; DA7 Нарушение работоспособности системы
УБИ.017,Угроза доступа/перехвата/изменения HTTP cookies,Внешний нарушитель с низким потенциалом,"S4 Хакеры, мошенники",low,0.33,"Прикладное программное обеспечение, сетевое программное обеспечение",t,f,t,0.66,ST2 Несанкционированный доступ; ST4 Перехват трафика; ST7 Проникновение через сервисы,"VL2 Устаревшие версии ПО или версии, имеющие уязвимости; VL4 Обход администратором правил и режимов безопасности; VL6 Открытые ОС; VL7 Отсутствие средств защиты ЛВС",AD Системы / настройки администрирования; A Антивирус; DD DDoS-фильтры; DZ Демилитаризованная зона ЛВС; FW Межсетевой экран; HP Honeypot; IDS Система обнаружения вторжений; L Программная защита информации от НСД; R Резервное копирование,DA1 Копирование (чтение) информации; DA2 Перехват информации; DA4 Модификация информации; DA5 Блокирование информации; DA6 Хищение информации; DA7 Нарушение работоспособности системы
УБИ.018,Угроза загрузки нештатной операционной системы,Внутренний нарушитель с низким потенциалом,S3 Персонал организации,low,0.33,Микропрограммное обеспечение BIOS/UEFI,t,t,t,1.00,ST2 Несанкционированный доступ,"VL2 Устаревшие версии ПО или версии, имеющие уязвимости; VL4 Обход администратором правил и режимов безопасности; VL6 Открытые ОС; VL7 Отсутствие средств защиты ЛВС",AD Системы / настройки администрирования; A Антивирус; DD DDoS-фильтры; DZ Демилитаризованная зона ЛВС; FW Межсетевой экран; HP Honeypot; IDS Система обнаружения вторжений; L Программная защита информации от НСД; R Резервное копирование,DA1 Копирование (чтение) информации; DA4 Модификация информации; DA6 Хищение информации; DA7 Нарушение работоспособности системы
УБИ.019,Угроза заражения DNS-кеша,Внешний нарушитель с низким потенциалом,"S4 Хакеры, мошенники",low,0.33,"Сетевой узел, сетевое программное обеспечение, сетевой трафик",t,f,f,0.33,ST1 Инсталляция и запуск вирусов; ST2 Несанкционированный доступ; ST4 Перехват трафика; ST5 Проникновение во внутреннюю сеть; ST7 Проникновение через сервисы,"VL1 Нештатное дополнительное ПО; VL2 Устаревшие версии ПО или версии, имеющие уязвимости; VL3 Допустимость установки недекларируемого ПО; VL4 Обход администратором правил и режимов безопасности; VL5 Носители информации; VL6 Открытые ОС; VL7 Отсутствие средств защиты ЛВС",AD Системы / настройки администрирования; A Антивирус; DD DDoS-фильтры; DS Цифровая подпись; DZ Демилитаризованная зона ЛВС; FW Межсетевой экран; HP Honeypot; IDS Система обнаружения вторжений; L Программная защита информации от НСД; R Резервное копирование,DA1 Копирование (чтение) информации; DA2 Перехват информации; DA3 Уничтожение информации; DA4 Модификация информации; DA5 Блокирование информации; DA6 Хищение информации; DA7 Нарушение работоспособности системы
УБИ.020,"Угроза злоупотребления возможностями, предоставленными потребителям облачных услуг",Внутренний нарушитель с низким потенциалом,S3 Персонал организации,low,0.33,"Облачная система, виртуальная машина",t,t,t,1.00,"ST1 Инсталляция и запуск вирусов; ST2 Несанкционированный доступ; ST8 Спам, подмена сообщений/отправителя","VL1 Нештатное дополнительное ПО; VL2 Устаревшие версии ПО или версии, имеющие уязвимости; VL3 Допустимость установки недекларируемого ПО; VL4 Обход администратором правил и режимов безопасности; VL5 Носители информации; VL6 Открытые ОС; VL7 Отсутствие средств защиты ЛВС",AD Системы / настройки администрирования; A Антивирус; DD DDoS-фильтры; DS Цифровая подпись; DZ Демилитаризованная зона ЛВС; FW Межсетевой экран; HP Honeypot; IDS Система обнаружения вторжений; L Программная защита информации от НСД; R Резервное копирование,DA1 Копирование (чтение) информации; DA3 Уничтожение информации; DA4 Модификация информации; DA5 Блокирование информации; DA6 Хищение информации; DA7 Нарушение работоспособности системы
УБИ.021,Угроза злоупотребления доверием потребителей облачных услуг,Внешний нарушитель с низким потенциалом,"S4 Хакеры, мошенники",low,0.33,Облачная система,t,t,f,0.66,ST2 Несанкционированный доступ,"VL2 Устаревшие версии ПО или версии, имеющие уязвимости; VL4 Обход администратором правил и режимов безопасности; VL6 Открытые ОС; VL7 Отсутствие средств защиты ЛВС",AD Системы / настройки администрирования; A Антивирус; DD DDoS-фильтры; DZ Демилитаризованная зона ЛВС; FW Межсетевой экран; HP Honeypot; IDS Система обнаружения вторжений; L Программная защита информации от НСД; R Резервное копирование,DA1 Копирование (чтение) информации; DA4 Модификация информации; DA6 Хищение информации; DA7 Нарушение работоспособности системы
УБИ.022,Угроза избыточного выделения оперативной памяти,Внешний нарушитель с низким потенциалом; Внутренний нарушитель с низким потенциалом,"S3 Персонал организации; S4 Хакеры, мошенники",low,0.33,"Аппаратное обеспечение, системное программное обеспечение, сетевое программное обеспечение",f,f,t,0.33,ST1 Инсталляция и запуск вирусов,"VL1 Нештатное дополнительное ПО; VL2 Устаревшие версии ПО или версии, имеющие уязвимости; VL3 Допустимость установки недекларируемого ПО; VL5 Носители информации; VL6 Открытые ОС",AD Системы / настройки администрирования; A Антивирус; DS Цифровая подпись; FW Межсетевой экран; IDS Система обнаружения вторжений; L Программная защита информации от НСД; R Резервное копирование,DA3 Уничтожение информации; DA4 Модификация информации; DA5 Блокирование информации; DA7 Нарушение работоспособности системы
УБИ.023,Угроза изменения компонентов информационной (автоматизированной) системы,Внутренний нарушитель с низким потенциалом,S3 Персонал организации,low,0.33,"Информационная система, сервер, рабочая станция, виртуальная машина, системное программное обеспечение, прикладное программное обеспечение, аппаратное обеспечение",t,t,t,1.00,ST2 Несанкционированный доступ,"VL2 Устаревшие версии ПО или версии, имеющие уязвимости; VL4 Обход администратором правил и режимов безопасности; VL6 Открытые ОС; VL7 Отсутствие средств защиты ЛВС",AD Системы / настройки администрирования; A Антивирус; DD DDoS-фильтры; DZ Демилитаризованная зона ЛВС; FW Межсетевой экран; HP Honeypot; IDS Система обнаружения вторжений; L Программная защита информации от НСД; R Резервное копирование,DA1 Копирование (чтение) информации; DA4 Модификация информации; DA6 Хищение информации; DA7 Нарушение работоспособности системы
УБИ.024,Угроза изменения режимов работы аппаратных элементов компьютера,Внутренний нарушитель с высоким потенциалом,S3 Персонал организации,high,1.00,Микропрограммное и аппаратное обеспечение BIOS/UEFI,f,t,t,0.66,ST2 Несанкционированный доступ; ST4 Перехват трафика,"VL2 Устаревшие версии ПО или версии, имеющие уязвимости; VL4 Обход администратором правил и режимов безопасности; VL6 Открытые ОС; VL7 Отсутствие средств защиты ЛВС",AD Системы / настройки администрирования; A Антивирус; DD DDoS-фильтры; DZ Демилитаризованная зона ЛВС; FW Межсетевой экран; HP Honeypot; IDS Система обнаружения вторжений; L Программная защита информации от НСД; R Резервное копирование,DA1 Копирование (чтение) информации; DA2 Перехват информации; DA4 Модификация информации; DA6 Хищение информации; DA7 Нарушение работоспособности системы
УБИ.025,Угроза изменения системных и глобальных переменных,Внутренний нарушитель со средним потенциалом,S3 Персонал организации,medium,0.66,"Системное программное обеспечение, прикладное программное обеспечение, сетевое программное обеспечение",t,t,t,1.00,ST2 Несанкционированный доступ,"VL2 Устаревшие версии ПО или версии, имеющие уязвимости; VL4 Обход администратором правил и режимов безопасности; VL6 Открытые ОС; VL7 Отсутствие средств защиты ЛВС",AD Системы / настройки администрирования; A Антивирус; DD DDoS-фильтры; DZ Демилитаризованная зона ЛВС; FW Межсетевой экран; HP Honeypot; IDS Система обнаружения вторжений; L Программная защита информации от НСД; R Резервное копирование,DA1 Копирование (чтение) информации; DA4 Модификация информации; DA6 Хищение информации; DA7 Нарушение работоспособности системы
УБИ.026,Угроза искажения XML-схемы,Внешний нарушитель со средним потенциалом; Внутренний нарушитель со средним потенциалом,"S1 Конкуренты; S2 Недобросовестные партнёры; S3 Персонал организации; S4 Хакеры, мошенники",medium,0.66,"Сетевой узел, сетевое программное обеспечение, сетевой трафик",f,t,t,0.66,ST2 Несанкционированный доступ; ST3 DDoS-атаки; ST4 Перехват трафика,"VL2 Устаревшие версии ПО или версии, имеющие уязвимости; VL4 Обход администратором правил и режимов безопасности; VL6 Открытые ОС; VL7 Отсутствие средств защиты ЛВС",AD Системы / настройки администрирования; A Антивирус; DD DDoS-фильтры; DZ Демилитаризованная зона ЛВС; FW Межсетевой экран; HP Honeypot; IDS Система обнаружения вторжений; L Программная защита информации от НСД; R Резервное копирование,DA1 Копирование (чтение) информации; DA2 Перехват информации; DA4 Модификация информации; DA5 Блокирование информации; DA6 Хищение информации; DA7 Нарушение работоспособности системы
УБИ.027,Угроза искажения вводимой и выводимой на периферийные устройства информации,Внешний нарушитель с высоким потенциалом; Внутренний нарушитель с низким потенциалом,"S1 Конкуренты; S2 Недобросовестные партнёры; S3 Персонал организации; S4 Хакеры, мошенники",high,1.00,"Системное программное обеспечение, прикладное программное обеспечение, сетевое программное обеспечение, аппаратное обеспечение",f,t,f,0.33,ST1 Инсталляция и запуск вирусов,"VL1 Нештатное дополнительное ПО; VL2 Устаревшие версии ПО или версии, имеющие уязвимости; VL3 Допустимость установки недекларируемого ПО; VL5 Носители информации; VL6 Открытые ОС",AD Системы / настройки администрирования; A Антивирус; DS Цифровая подпись; FW Межсетевой экран; IDS Система обнаружения вторжений; L Программная защита информации от НСД; R Резервное копирование,DA3 Уничтожение информации; DA4 Модификация информации; DA5 Блокирование информации; DA7 Нарушение работоспособности системы
УБИ.028,Угроза использования альтернативных путей доступа к ресурсам,Внешний нарушитель с низким потенциалом; Внутренний нарушитель с низким потенциалом,"S3 Персонал организации; S4 Хакеры, мошенники",low,0.33,"Сетевой узел, объекты файловой системы, прикладное программное обеспечение, системное программное обеспечение",t,f,f,0.33,ST2 Несанкционированный доступ,"VL2 Устаревшие версии ПО или версии, имеющие уязвимости; VL4 Обход администратором правил и режимов безопасности; VL6 Открытые ОС; VL7 Отсутствие средств защиты ЛВС",AD Системы / настройки администрирования; A Антивирус; DD DDoS-фильтры; DZ Демилитаризованная зона ЛВС; FW Межсетевой экран; HP Honeypot; IDS Система обнаружения вторжений; L Программная защита информации от НСД; R Резервное копирование,DA1 Копирование (чтение) информации; DA4 Модификация информации; DA6 Хищение информации; DA7 Нарушение работоспособности системы
УБИ.029,Угроза использования вычислительных ресурсов суперкомпьютера «паразитными» процессами,Внешний нарушитель с низким потенциалом; Внутренний нарушитель с низким потенциалом,"S3 Персонал организации; S4 Хакеры, мошенники",low,0.33,Вычислительные узлы суперкомпьютера,f,f,t,0.33,ST1 Инсталляция и запуск вирусов,"VL1 Нештатное дополнительное ПО; VL2 Устаревшие версии ПО или версии, имеющие уязвимости; VL3 Допустимость установки недекларируемого ПО; VL5 Носители информации; VL6 Открытые ОС",AD Системы / настройки администрирования; A Антивирус; DS Цифровая подпись; FW Межсетевой экран; IDS Система обнаружения вторжений; L Программная защита информации от НСД; R Резервное копирование,DA3 Уничтожение информации; DA4 Модификация информации; DA5 Блокирование информации; DA7 Нарушение работоспособности системы
УБИ.030,"Угроза использования информации идентификации/аутентификации, заданной по умолчанию",Внутренний нарушитель с низким потенциалом; Внешний нарушитель со средним потенциалом,"S1 Конкуренты; S2 Недобросовестные партнёры; S3 Персонал организации; S4 Хакеры, мошенники",medium,0.66,"Средства защиты информации, системное программное обеспечение, сетевое программное обеспечение, микропрограммное обеспечение, программно-аппаратные средства со встроенными функциями защиты",t,t,t,1.00,ST2 Несанкционированный доступ; ST7 Проникновение через сервисы,"VL2 Устаревшие версии ПО или версии, имеющие уязвимости; VL4 Обход администратором правил и режимов безопасности; VL6 Открытые ОС; VL7 Отсутствие средств защиты ЛВС",AD Системы / настройки администрирования; A Антивирус; DD DDoS-фильтры; DZ Демилитаризованная зона ЛВС; FW Межсетевой экран; HP Honeypot; IDS Система обнаружения вторжений; L Программная защита информации от НСД; R Резервное копирование,DA1 Копирование (чтение) информации; DA4 Модификация информации; DA5 Блокирование информации; DA6 Хищение информации; DA7 Нарушение работоспособности системы
УБИ.031,Угроза использования механизмов авторизации для повышения привилегий,Внешний нарушитель с низким потенциалом; Внутренний нарушитель с низким потенциалом,"S3 Персонал организации; S4 Хакеры, мошенники",low,0.33,"Системное программное обеспечение, прикладное программное обеспечение, сетевое программное обеспечение",t,f,f,0.33,ST2 Несанкционированный доступ,"VL2 Устаревшие версии ПО или версии, имеющие уязвимости; VL4 Обход администратором правил и режимов безопасности; VL6 Открытые ОС; VL7 Отсутствие средств защиты ЛВС",AD Системы / настройки администрирования; A Антивирус; DD DDoS-фильтры; DZ Демилитаризованная зона ЛВС; FW Межсетевой экран; HP Honeypot; IDS Система обнаружения вторжений; L Программная защита информации от НСД; R Резервное копирование,DA1 Копирование (чтение) информации; DA4 Модификация информации; DA6 Хищение информации; DA7 Нарушение работоспособности системы
УБИ.032,Угроза использования поддельных цифровых подписей BIOS,Внешний нарушитель со средним потенциалом,"S1 Конкуренты; S2 Недобросовестные партнёры; S4 Хакеры, мошенники",medium,0.66,Микропрограммное и аппаратное обеспечение BIOS/UEFI,f,t,f,0.33,ST1 Инсталляция и запуск вирусов,"VL1 Нештатное дополнительное ПО; VL2 Устаревшие версии ПО или версии, имеющие уязвимости; VL3 Допустимость установки недекларируемого ПО; VL5 Носители информации; VL6 Открытые ОС",AD Системы / настройки администрирования; A Антивирус; DS Цифровая подпись; FW Межсетевой экран; IDS Система обнаружения вторжений; L Программная защита информации от НСД; R Резервное копирование,DA3 Уничтожение информации; DA4 Модификация информации; DA5 Блокирование информации; DA7 Нарушение работоспособности системы
УБИ.033,Угроза использования слабостей кодирования входных данных,Внешний нарушитель со средним потенциалом; Внутренний нарушитель со средним потенциалом,"S1 Конкуренты; S2 Недобросовестные партнёры; S3 Персонал организации; S4 Хакеры, мошенники",medium,0.66,"Системное программное обеспечение, прикладное программное обеспечение, сетевое программное обеспечение, микропрограммное обеспечение, реестр",f,t,t,0.66,ST2 Несанкционированный доступ,"VL2 Устаревшие версии ПО или версии, имеющие уязвимости; VL4 Обход администратором правил и режимов безопасности; VL6 Открытые ОС; VL7 Отсутствие средств защиты ЛВС",AD Системы / настройки администрирования; A Антивирус; DD DDoS-фильтры; DZ Демилитаризованная зона ЛВС; FW Межсетевой экран; HP Honeypot; IDS Система обнаружения вторжений; L Программная защита информации от НСД; R Резервное копирование,DA1 Копирование (чтение) информации; DA4 Модификация информации; DA6 Хищение информации; DA7 Нарушение работоспособности системы
УБИ.034,Угроза использования слабостей протоколов сетевого/локального обмена данными,Внешний нарушитель с низким потенциалом; Внутренний нарушитель с низким потенциалом,"S3 Персонал организации; S4 Хакеры, мошенники",low,0.33,"Системное программное обеспечение, сетевое программное обеспечение, сетевой трафик",t,t,t,1.00,ST2 Несанкционированный доступ; ST4 Перехват трафика; ST7 Проникновение через сервисы,"VL2 Устаревшие версии ПО или версии, имеющие уязвимости; VL4 Обход администратором правил и режимов безопасности; VL6 Открытые ОС; VL7 Отсутствие средств защиты ЛВС",AD Системы / настройки администрирования; A Антивирус; DD DDoS-фильтры; DZ Демилитаризованная зона ЛВС; FW Межсетевой экран; HP Honeypot; IDS Система обнаружения вторжений; L Программная защита информации от НСД; R Резервное копирование,DA1 Копирование (чтение) информации; DA2 Перехват информации; DA4 Модификация информации; DA5 Блокирование информации; DA6 Хищение информации; DA7 Нарушение работоспособности системы
УБИ.035,Угроза использования слабых криптографических алгоритмов BIOS,Внешний нарушитель с высоким потенциалом,"S1 Конкуренты; S2 Недобросовестные партнёры; S4 Хакеры, мошенники",high,1.00,Микропрограммное обеспечение BIOS/UEFI,t,t,t,1.00,ST2 Несанкционированный доступ,"VL2 Устаревшие версии ПО или версии, имеющие уязвимости; VL4 Обход администратором правил и режимов безопасности; VL6 Открытые ОС; VL7 Отсутствие средств защиты ЛВС",AD Системы / настройки администрирования; A Антивирус; DD DDoS-фильтры; DZ Демилитаризованная зона ЛВС; FW Межсетевой экран; HP Honeypot; IDS Система обнаружения вторжений; L Программная защита информации от НСД; R Резервное копирование,DA1 Копирование (чтение) информации; DA4 Модификация информации; DA6 Хищение информации; DA7 Нарушение работоспособности системы
УБИ.036,Угроза исследования механизмов работы программы,Внешний нарушитель со средним потенциалом; Внутренний нарушитель со средним потенциалом,"S1 Конкуренты; S2 Недобросовестные партнёры; S3 Персонал организации; S4 Хакеры, мошенники",medium,0.66,"Системное программное обеспечение, прикладное программное обеспечение, сетевое программное обеспечение, микропрограммное обеспечение",t,f,t,0.66,ST2 Несанкционированный доступ,"VL2 Устаревшие версии ПО или версии, имеющие уязвимости; VL4 Обход администратором правил и режимов безопасности; VL6 Открытые ОС; VL7 Отсутствие средств защиты ЛВС",AD Системы / настройки администрирования; A Антивирус; DD DDoS-фильтры; DZ Демилитаризованная зона ЛВС; FW Межсетевой экран; HP Honeypot; IDS Система обнаружения вторжений; L Программная защита информации от НСД; R Резервное копирование,DA1 Копирование (чтение) информации; DA4 Модификация информации; DA6 Хищение информации; DA7 Нарушение работоспособности системы
УБИ.037,Угроза исследования приложения через отчёты об ошибках,Внешний нарушитель со средним потенциалом; Внутренний нарушитель со средним потенциалом,"S1 Конкуренты; S2 Недобросовестные партнёры; S3 Персонал организации; S4 Хакеры, мошенники",medium,0.66,"Системное программное обеспечение, прикладное программное обеспечение, сетевое программное обеспечение, микропрограммное обеспечение",t,f,f,0.33,ST2 Несанкционированный доступ,"VL2 Устаревшие версии ПО или версии, имеющие уязвимости; VL4 Обход администратором правил и режимов безопасности; VL6 Открытые ОС; VL7 Отсутствие средств защиты ЛВС",AD Системы / настройки администрирования; A Антивирус; DD DDoS-фильтры; DZ Демилитаризованная зона ЛВС; FW Межсетевой экран; HP Honeypot; IDS Система обнаружения вторжений; L Программная защита информации от НСД; R Резервное копирование,DA1 Копирование (чтение) информации; DA4 Модификация информации; DA6 Хищение информации; DA7 Нарушение работоспособности системы
УБИ.038,Угроза исчерпания вычислительных ресурсов хранилища больших данных,Внутренний нарушитель с низким потенциалом,S3 Персонал организации,low,0.33,Информационная система,f,f,t,0.33,ST3 DDoS-атаки; ST4 Перехват трафика,VL6 Открытые ОС; VL7 Отсутствие средств защиты ЛВС,AD Системы / настройки администрирования; DD DDoS-фильтры; DZ Демилитаризованная зона ЛВС; FW Межсетевой экран; HP Honeypot; IDS Система обнаружения вторжений; L Программная защита информации от НСД,DA1 Копирование (чтение) информации; DA2 Перехват информации; DA4 Модификация информации; DA5 Блокирование информации; DA7 Нарушение работоспособности системы
УБИ.039,"Угроза исчерпания запаса ключей, необходимых для обновления BIOS",Внешний нарушитель со средним потенциалом,"S1 Конкуренты; S2 Недобросовестные партнёры; S4 Хакеры, мошенники",medium,0.66,Микропрограммное обеспечение BIOS/UEFI,f,t,f,0.33,ST7 Проникновение через сервисы,"VL2 Устаревшие версии ПО или версии, имеющие уязвимости; VL4 Обход администратором правил и режимов безопасности; VL6 Открытые ОС; VL7 Отсутствие средств защиты ЛВС",AD Системы / настройки администрирования; A Антивирус; DD DDoS-фильтры; DZ Демилитаризованная зона ЛВС; FW Межсетевой экран; HP Honeypot; IDS Система обнаружения вторжений; L Программная защита информации от НСД; R Резервное копирование,DA1 Копирование (чтение) информации; DA4 Модификация информации; DA5 Блокирование информации; DA7 Нарушение работоспособности системы
УБИ.040,Угроза конфликта юрисдикций различных стран,Внешний нарушитель с низким потенциалом,"S4 Хакеры, мошенники",low,0.33,Облачная система,f,f,t,0.33,ST2 Несанкционированный доступ,"VL2 Устаревшие версии ПО или версии, имеющие уязвимости; VL4 Обход администратором правил и режимов безопасности; VL6 Открытые ОС; VL7 Отсутствие средств защиты ЛВС",AD Системы / настройки администрирования; A Антивирус; DD DDoS-фильтры; DZ Демилитаризованная зона ЛВС; FW Межсетевой экран; HP Honeypot; IDS Система обнаружения вторжений; L Программная защита информации от НСД; R Резервное копирование,DA1 Копирование (чтение) информации; DA4 Модификация информации; DA6 Хищение информации; DA7 Нарушение работоспособности системы
УБИ.041,Угроза межсайтового скриптинга,Внешний нарушитель с низким потенциалом,"S4 Хакеры, мошенники",low,0.33,"Сетевой узел, сетевое программное обеспечение",t,t,t,1.00,ST1 Инсталляция и запуск вирусов; ST7 Проникновение через сервисы,"VL1 Нештатное дополнительное ПО; VL2 Устаревшие версии ПО или версии, имеющие уязвимости; VL3 Допустимость установки недекларируемого ПО; VL4 Обход администратором правил и режимов безопасности; VL5 Носители информации; VL6 Открытые ОС; VL7 Отсутствие средств защиты ЛВС",AD Системы / настройки администрирования; A Антивирус; DD DDoS-фильтры; DS Цифровая подпись; DZ Демилитаризованная зона ЛВС; FW Межсетевой экран; HP Honeypot; IDS Система обнаружения вторжений; L Программная защита информации от НСД; R Резервное копирование,DA1 Копирование (чтение) информации; DA3 Уничтожение информации; DA4 Модификация информации; DA5 Блокирование информации; DA7 Нарушение работоспособности системы
УБИ.042,Угроза межсайтовой подделки запроса,Внешний нарушитель со средним потенциалом,"S1 Конкуренты; S2 Недобросовестные партнёры; S4 Хакеры, мошенники",medium,0.66,"Сетевой узел, сетевое программное обеспечение",t,t,t,1.00,ST1 Инсталляция и запуск вирусов; ST2 Несанкционированный доступ; ST7 Проникновение через сервисы,"VL1 Нештатное дополнительное ПО; VL2 Устаревшие версии ПО или версии, имеющие уязвимости; VL3 Допустимость установки недекларируемого ПО; VL4 Обход администратором правил и режимов безопасности; VL5 Носители информации; VL6 Открытые ОС; VL7 Отсутствие средств защиты ЛВС",AD Системы / настройки администрирования; A Антивирус; DD DDoS-фильтры; DS Цифровая подпись; DZ Демилитаризованная зона ЛВС; FW Межсетевой экран; HP Honeypot; IDS Система обнаружения вторжений; L Программная защита информации от НСД; R Резервное копирование,DA1 Копирование (чтение) информации; DA3 Уничтожение информации; DA4 Модификация информации; DA5 Блокирование информации; DA6 Хищение информации; DA7 Нарушение работоспособности системы
УБИ.043,Угроза нарушения доступности облачного сервера,Внешний нарушитель с низким потенциалом; Внутренний нарушитель с низким потенциалом,"S3 Персонал организации; S4 Хакеры, мошенники",low,0.33,"Облачная система, облачный сервер",f,f,t,0.33,ST3 DDoS-атаки; ST7 Проникновение через сервисы,"VL2 Устаревшие версии ПО или версии, имеющие уязвимости; VL4 Обход администратором правил и режимов безопасности; VL6 Открытые ОС; VL7 Отсутствие средств защиты ЛВС",AD Системы / настройки администрирования; A Антивирус; DD DDoS-фильтры; DZ Демилитаризованная зона ЛВС; FW Межсетевой экран; HP Honeypot; IDS Система обнаружения вторжений; L Программная защита информации от НСД; R Резервное копирование,DA1 Копирование (чтение) информации; DA4 Модификация информации; DA5 Блокирование информации; DA7 Нарушение работоспособности системы
УБИ.044,Угроза нарушения изоляции пользовательских данных внутри виртуальной машины,Внешний нарушитель со средним потенциалом; Внутренний нарушитель со средним потенциалом,"S1 Конкуренты; S2 Недобросовестные партнёры; S3 Персонал организации; S4 Хакеры, мошенники",medium,0.66,"Виртуальная машина, гипервизор",t,t,t,1.00,ST1 Инсталляция и запуск вирусов; ST2 Несанкционированный доступ; ST7 Проникновение через сервисы,"VL1 Нештатное дополнительное ПО; VL2 Устаревшие версии ПО или версии, имеющие уязвимости; VL3 Допустимость установки недекларируемого ПО; VL4 Обход администратором правил и режимов безопасности; VL5 Носители информации; VL6 Открытые ОС; VL7 Отсутствие средств защиты ЛВС",AD Системы / настройки администрирования; A Антивирус; DD DDoS-фильтры; DS Цифровая подпись; DZ Демилитаризованная зона ЛВС; FW Межсетевой экран; HP Honeypot; IDS Система обнаружения вторжений; L Программная защита информации от НСД; R Резервное копирование,DA1 Копирование (чтение) информации; DA3 Уничтожение информации; DA4 Модификация информации; DA5 Блокирование информации; DA6 Хищение информации; DA7 Нарушение работоспособности системы
УБИ.045,Угроза нарушения изоляции среды исполнения BIOS,Внутренний нарушитель с низким потенциалом,S3 Персонал организации,low,0.33,Микропрограммное и аппаратное обеспечение BIOS/UEFI,t,t,t,1.00,ST2 Несанкционированный доступ; ST4 Перехват трафика; ST7 Проникновение через сервисы,"VL2 Устаревшие версии ПО или версии, имеющие уязвимости; VL4 Обход администратором правил и режимов безопасности; VL6 Открытые ОС; VL7 Отсутствие средств защиты ЛВС",AD Системы / настройки администрирования; A Антивирус; DD DDoS-фильтры; DZ Демилитаризованная зона ЛВС; FW Межсетевой экран; HP Honeypot; IDS Система обнаружения вторжений; L Программная защита информации от НСД; R Резервное копирование,DA1 Копирование (чтение) информации; DA2 Перехват информации; DA4 Модификация информации; DA5 Блокирование информации; DA6 Хищение информации; DA7 Нарушение работоспособности системы
УБИ.046,Угроза нарушения процедуры аутентификации субъектов виртуального информационного взаимодействия,Внешний нарушитель с низким потенциалом; Внутренний нарушитель с низким потенциалом,"S3 Персонал организации; S4 Хакеры, мошенники",low,0.33,"Сетевой узел, сетевое программное обеспечение, метаданные, учётные данные пользователя",t,f,t,0.66,ST2 Несанкционированный доступ; ST7 Проникновение через сервисы,"VL2 Устаревшие версии ПО или версии, имеющие уязвимости; VL4 Обход администратором правил и режимов безопасности; VL6 Открытые ОС; VL7 Отсутствие средств защиты ЛВС",AD Системы / настройки администрирования; A Антивирус; DD DDoS-фильтры; DZ Демилитаризованная зона ЛВС; FW Межсетевой экран; HP Honeypot; IDS Система обнаружения вторжений; L Программная защита информации от НСД; R Резервное копирование,DA1 Копирование (чтение) информации; DA4 Модификация информации; DA5 Блокирование информации; DA6 Хищение информации; DA7 Нарушение работоспособности системы
УБИ.047,Угроза нарушения работоспособности грид-системы при нетипичной сетевой нагрузке,Внешний нарушитель со средним потенциалом; Внутренний нарушитель со средним потенциалом,"S1 Конкуренты; S2 Недобросовестные партнёры; S3 Персонал организации; S4 Хакеры, мошенники",medium,0.66,"Грид-система, сетевой трафик",f,f,t,0.33,ST3 DDoS-атаки; ST4 Перехват трафика,VL6 Открытые ОС; VL7 Отсутствие средств защиты ЛВС,AD Системы / настройки администрирования; DD DDoS-фильтры; DZ Демилитаризованная зона ЛВС; FW Межсетевой экран; HP Honeypot; IDS Система обнаружения вторжений; L Программная защита информации от НСД,DA1 Копирование (чтение) информации; DA2 Перехват информации; DA4 Модификация информации; DA5 Блокирование информации; DA7 Нарушение работоспособности системы
УБИ.048,Угроза нарушения технологии обработки информации путём несанкционированного внесения изменений в образы виртуальных машин,Внешний нарушитель со средним потенциалом; Внутренний нарушитель со средним потенциалом,"S1 Конкуренты; S2 Недобросовестные партнёры; S3 Персонал организации; S4 Хакеры, мошенники",medium,0.66,"Образ виртуальной машины, сетевой узел, сетевое программное обеспечение, виртуальная машина",t,t,t,1.00,ST1 Инсталляция и запуск вирусов; ST2 Несанкционированный доступ,"VL1 Нештатное дополнительное ПО; VL2 Устаревшие версии ПО или версии, имеющие уязвимости; VL3 Допустимость установки недекларируемого ПО; VL4 Обход администратором правил и режимов безопасности; VL5 Носители информации; VL6 Открытые ОС; VL7 Отсутствие средств защиты ЛВС",AD Системы / настройки администрирования; A Антивирус; DD DDoS-фильтры; DS Цифровая подпись; DZ Демилитаризованная зона ЛВС; FW Межсетевой экран; HP Honeypot; IDS Система обнаружения вторжений; L Программная защита информации от НСД; R Резервное копирование,DA1 Копирование (чтение) информации; DA3 Уничтожение информации; DA4 Модификация информации; DA5 Блокирование информации; DA6 Хищение информации; DA7 Нарушение работоспособности системы
УБИ.049,Угроза нарушения целостности данных кеша,Внешний нарушитель с низким потенциалом; Внутренний нарушитель с низким потенциалом,"S3 Персонал организации; S4 Хакеры, мошенники",low,0.33,Сетевое программное обеспечение,f,t,t,0.66,ST2 Несанкционированный доступ; ST7 Проникновение через сервисы,"VL2 Устаревшие версии ПО или версии, имеющие уязвимости; VL4 Обход администратором правил и режимов безопасности; VL6 Открытые ОС; VL7 Отсутствие средств защиты ЛВС",AD Системы / настройки администрирования; A Антивирус; DD DDoS-фильтры; DZ Демилитаризованная зона ЛВС; FW Межсетевой экран; HP Honeypot; IDS Система обнаружения вторжений; L Программная защита информации от НСД; R Резервное копирование,DA1 Копирование (чтение) информации; DA4 Модификация информации; DA5 Блокирование информации; DA6 Хищение информации; DA7 Нарушение работоспособности системы
УБИ.050,"Угроза неверного определения формата входных данных, поступающих в хранилище больших данных",Внутренний нарушитель с низким потенциалом,S3 Персонал организации,low,0.33,"Хранилище больших данных, метаданные",f,t,f,0.33,ST2 Несанкционированный доступ,"VL2 Устаревшие версии ПО или версии, имеющие уязвимости; VL4 Обход администратором правил и режимов безопасности; VL6 Открытые ОС; VL7 Отсутствие средств защиты ЛВС",AD Системы / настройки администрирования; A Антивирус; DD DDoS-фильтры; DZ Демилитаризованная зона ЛВС; FW Межсетевой экран; HP Honeypot; IDS Система обнаружения вторжений; L Программная защита информации от НСД; R Резервное копирование,DA1 Копирование (чтение) информации; DA4 Модификация информации; DA6 Хищение информации; DA7 Нарушение работоспособности системы
УБИ.051,Угроза невозможности восстановления сессии работы на ПЭВМ при выводе из промежуточных состояний питания,Внутренний нарушитель с низким потенциалом,S3 Персонал организации,low,0.33,"Рабочая станция, носитель информации, системное программное обеспечение, метаданные, объекты файловой системы, реестр",f,t,t,0.66,ST2 Несанкционированный доступ,"VL2 Устаревшие версии ПО или версии, имеющие уязвимости; VL4 Обход администратором правил и режимов безопасности; VL6 Открытые ОС; VL7 Отсутствие средств защиты ЛВС",AD Системы / настройки администрирования; A Антивирус; DD DDoS-фильтры; DZ Демилитаризованная зона ЛВС; FW Межсетевой экран; HP Honeypot; IDS Система обнаружения вторжений; L Программная защита информации от НСД; R Резервное копирование,DA1 Копирование (чтение) информации; DA4 Модификация информации; DA6 Хищение информации; DA7 Нарушение работоспособности системы
УБИ.052,Угроза невозможности миграции образов виртуальных машин из-за несовместимости аппаратного и программного обеспечения,Внешний нарушитель с низким потенциалом,"S4 Хакеры, мошенники",low,0.33,"Облачная инфраструктура, виртуальная машина, аппаратное обеспечение, системное программное обеспечение",f,t,t,0.66,ST7 Проникновение через сервисы,"VL2 Устаревшие версии ПО или версии, имеющие уязвимости; VL4 Обход администратором правил и режимов безопасности; VL6 Открытые ОС; VL7 Отсутствие средств защиты ЛВС",AD Системы / настройки администрирования; A Антивирус; DD DDoS-фильтры; DZ Демилитаризованная зона ЛВС; FW Межсетевой экран; HP Honeypot; IDS Система обнаружения вторжений; L Программная защита информации от НСД; R Резервное копирование,DA1 Копирование (чтение) информации; DA4 Модификация информации; DA5 Блокирование информации; DA7 Нарушение работоспособности системы
УБИ.053,Угроза невозможности управления правами пользователей BIOS,Внутренний нарушитель с низким потенциалом,S3 Персонал организации,low,0.33,Микропрограммное обеспечение BIOS/UEFI,t,t,t,1.00,ST2 Несанкционированный доступ,"VL2 Устаревшие версии ПО или версии, имеющие уязвимости; VL4 Обход администратором правил и режимов безопасности; VL6 Открытые ОС; VL7 Отсутствие средств защиты ЛВС",AD Системы / настройки администрирования; A Антивирус; DD DDoS-фильтры; DZ Демилитаризованная зона ЛВС; FW Межсетевой экран; HP Honeypot; IDS Система обнаружения вторжений; L Программная защита информации от НСД; R Резервное копирование,DA1 Копирование (чтение) информации; DA4 Модификация информации; DA6 Хищение информации; DA7 Нарушение работоспособности системы
УБИ.054,Угроза недобросовестного исполнения обязательств поставщиками облачных услуг,Внешний нарушитель с низким потенциалом,"S4 Хакеры, мошенники",low,0.33,"Информационная система, сервер, носитель информации, метаданные, объекты файловой системы",t,t,t,1.00,ST2 Несанкционированный доступ,"VL2 Устаревшие версии ПО или версии, имеющие уязвимости; VL4 Обход администратором правил и режимов безопасности; VL6 Открытые ОС; VL7 Отсутствие средств защиты ЛВС",AD Системы / настройки администрирования; A Антивирус; DD DDoS-фильтры; DZ Демилитаризованная зона ЛВС; FW Межсетевой экран; HP Honeypot; IDS Система обнаружения вторжений; L Программная защита информации от НСД; R Резервное копирование,DA1 Копирование (чтение) информации; DA4 Модификация информации; DA6 Хищение информации; DA7 Нарушение работоспособности системы
УБИ.055,Угроза незащищённого администрирования облачных услуг,Внешний нарушитель с низким потенциалом; Внутренний нарушитель с низким потенциалом,"S3 Персонал организации; S4 Хакеры, мошенники",low,0.33,"Облачная система, рабочая станция, сетевое программное обеспечение",t,t,t,1.00,ST2 Несанкционированный доступ; ST4 Перехват трафика; ST7 Проникновение через сервисы,"VL2 Устаревшие версии ПО или версии, имеющие уязвимости; VL4 Обход администратором правил и режимов безопасности; VL6 Открытые ОС; VL7 Отсутствие средств защиты ЛВС",AD Системы / настройки администрирования; A Антивирус; DD DDoS-фильтры; DZ Демилитаризованная зона ЛВС; FW Межсетевой экран; HP Honeypot; IDS Система обнаружения вторжений; L Программная защита информации от НСД; R Резервное копирование,DA1 Копирование (чтение) информации; DA2 Перехват информации; DA4 Модификация информации; DA5 Блокирование информации; DA6 Хищение информации; DA7 Нарушение работоспособности системы
УБИ.056,Угроза некачественного переноса инфраструктуры в облако,Внешний нарушитель с низким потенциалом,"S4 Хакеры, мошенники",low,0.33,"Информационная система, иммигрированная в облако, облачная система",t,t,t,1.00,ST2 Несанкционированный доступ,"VL2 Устаревшие версии ПО или версии, имеющие уязвимости; VL4 Обход администратором правил и режимов безопасности; VL6 Открытые ОС; VL7 Отсутствие средств защиты ЛВС",AD Системы / настройки администрирования; A Антивирус; DD DDoS-фильтры; DZ Демилитаризованная зона ЛВС; FW Межсетевой экран; HP Honeypot; IDS Система обнаружения вторжений; L Программная защита информации от НСД; R Резервное копирование,DA1 Копирование (чтение) информации; DA4 Модификация информации; DA6 Хищение информации; DA7 Нарушение работоспособности системы
УБИ.057,Угроза неконтролируемого копирования данных внутри хранилища больших данных,Внутренний нарушитель с низким потенциалом,S3 Персонал организации,low,0.33,"Хранилище больших данных, метаданные, защищаемые данные",t,f,f,0.33,ST2 Несанкционированный доступ,"VL2 Устаревшие версии ПО или версии, имеющие уязвимости; VL4 Обход администратором правил и режимов безопасности; VL6 Открытые ОС; VL7 Отсутствие средств защиты ЛВС",AD Системы / настройки администрирования; A Антивирус; DD DDoS-фильтры; DZ Демилитаризованная зона ЛВС; FW Межсетевой экран; HP Honeypot; IDS Система обнаружения вторжений; L Программная защита информации от НСД; R Резервное копирование,DA1 Копирование (чтение) информации; DA4 Модификация информации; DA6 Хищение информации; DA7 Нарушение работоспособности системы
УБИ.058,Угроза неконтролируемого роста числа виртуальных машин,Внешний нарушитель с низким потенциалом; Внутренний нарушитель с низким потенциалом,"S3 Персонал организации; S4 Хакеры, мошенники",low,0.33,"Облачная система, консоль управления облачной инфраструктурой, облачная инфраструктура",f,f,t,0.33,ST2 Несанкционированный доступ,"VL2 Устаревшие версии ПО или версии, имеющие уязвимости; VL4 Обход администратором правил и режимов безопасности; VL6 Открытые ОС; VL7 Отсутствие средств защиты ЛВС",AD Системы / настройки администрирования; A Антивирус; DD DDoS-фильтры; DZ Демилитаризованная зона ЛВС; FW Межсетевой экран; HP Honeypot; IDS Система обнаружения вторжений; L Программная защита информации от НСД; R Резервное копирование,DA1 Копирование (чтение) информации; DA4 Модификация информации; DA6 Хищение информации; DA7 Нарушение работоспособности системы
УБИ.059,Угроза неконтролируемого роста числа зарезервированных вычислительных ресурсов,Внешний нарушитель с низким потенциалом; Внутренний нарушитель с низким потенциалом,"S3 Персонал организации; S4 Хакеры, мошенники",low,0.33,"Информационная система, сервер",f,f,t,0.33,ST2 Несанкционированный доступ,"VL2 Устаревшие версии ПО или версии, имеющие уязвимости; VL4 Обход администратором правил и режимов безопасности; VL6 Открытые ОС; VL7 Отсутствие средств защиты ЛВС",AD Системы / настройки администрирования; A Антивирус; DD DDoS-фильтры; DZ Демилитаризованная зона ЛВС; FW Межсетевой экран; HP Honeypot; IDS Система обнаружения вторжений; L Программная защита информации от НСД; R Резервное копирование,DA1 Копирование (чтение) информации; DA4 Модификация информации; DA6 Хищение информации; DA7 Нарушение работоспособности системы
УБИ.060,Угроза неконтролируемого уничтожения информации хранилищем больших данных,Внутренний нарушитель с низким потенциалом,S3 Персонал организации,low,0.33,"Хранилище больших данных, метаданные, защищаемые данные",f,t,t,0.66,ST2 Несанкционированный доступ,"VL2 Устаревшие версии ПО или версии, имеющие уязвимости; VL4 Обход администратором правил и режимов безопасности; VL6 Открытые ОС; VL7 Отсутствие средств защиты ЛВС",AD Системы / настройки администрирования; A Антивирус; DD DDoS-фильтры; DZ Демилитаризованная зона ЛВС; FW Межсетевой экран; HP Honeypot; IDS Система обнаружения вторжений; L Программная защита информации от НСД; R Резервное копирование,DA1 Копирование (чтение) информации; DA4 Модификация информации; DA6 Хищение информации; DA7 Нарушение работоспособности системы
УБИ.061,Угроза некорректного задания структуры данных транзакции,Внутренний нарушитель со средним потенциалом,S3 Персонал организации,medium,0.66,"Сетевой трафик, база данных, сетевое программное обеспечение",f,t,t,0.66,ST4 Перехват трафика,VL6 Открытые ОС; VL7 Отсутствие средств защиты ЛВС,AD Системы / настройки администрирования; DD DDoS-фильтры; DZ Демилитаризованная зона ЛВС; FW Межсетевой экран; HP Honeypot; IDS Система обнаружения вторжений; L Программная защита информации от НСД,DA1 Копирование (чтение) информации; DA2 Перехват информации; DA4 Модификация информации
УБИ.062,Угроза некорректного использования прозрачного прокси-сервера за счёт плагинов браузера,Внешний нарушитель с низким потенциалом,"S4 Хакеры, мошенники",low,0.33,Сетевое программное обеспечение,t,f,f,0.33,ST2 Несанкционированный доступ,"VL2 Устаревшие версии ПО или версии, имеющие уязвимости; VL4 Обход администратором правил и режимов безопасности; VL6 Открытые ОС; VL7 Отсутствие средств защиты ЛВС",AD Системы / настройки администрирования; A Антивирус; DD DDoS-фильтры; DZ Демилитаризованная зона ЛВС; FW Межсетевой экран; HP Honeypot; IDS Система обнаружения вторжений; L Программная защита информации от НСД; R Резервное копирование,DA1 Копирование (чтение) информации; DA4 Модификация информации; DA6 Хищение информации; DA7 Нарушение работоспособности системы
УБИ.063,Угроза некорректного использования функционала программного и аппаратного обеспечения,Внешний нарушитель со средним потенциалом; Внутренний нарушитель со средним потенциалом,"S1 Конкуренты; S2 Недобросовестные партнёры; S3 Персонал организации; S4 Хакеры, мошенники",medium,0.66,"Системное программное обеспечение, прикладное программное обеспечение, сетевое программное обеспечение, микропрограммное обеспечение, аппаратное обеспечение",t,t,t,1.00,ST2 Несанкционированный доступ,"VL2 Устаревшие версии ПО или версии, имеющие уязвимости; VL4 Обход администратором правил и режимов безопасности; VL6 Открытые ОС; VL7 Отсутствие средств защиты ЛВС",AD Системы / настройки администрирования; A Антивирус; DD DDoS-фильтры; DZ Демилитаризованная зона ЛВС; FW Межсетевой экран; HP Honeypot; IDS Система обнаружения вторжений; L Программная защита информации от НСД; R Резервное копирование,DA1 Копирование (чтение) информации; DA4 Модификация информации; DA6 Хищение информации; DA7 Нарушение работоспособности системы
УБИ.064,Угроза некорректной реализации политики лицензирования в облаке,Внешний нарушитель с низким потенциалом; Внутренний нарушитель с низким потенциалом,"S3 Персонал организации; S4 Хакеры, мошенники",low,0.33,"Системное программное обеспечение, прикладное программное обеспечение, сетевое программное обеспечение",f,f,t,0.33,ST2 Несанкционированный доступ,"VL2 Устаревшие версии ПО или версии, имеющие уязвимости; VL4 Обход администратором правил и режимов безопасности; VL6 Открытые ОС; VL7 Отсутствие средств защиты ЛВС",AD Системы / настройки администрирования; A Антивирус; DD DDoS-фильтры; DZ Демилитаризованная зона ЛВС; FW Межсетевой экран; HP Honeypot; IDS Система обнаружения вторжений; L Программная защита информации от НСД; R Резервное копирование,DA1 Копирование (чтение) информации; DA4 Модификация информации; DA6 Хищение информации; DA7 Нарушение работоспособности системы
УБИ.065,Угроза неопределённости в распределении ответственности между ролями в облаке,Внешний нарушитель с низким потенциалом; Внутренний нарушитель с низким потенциалом,"S3 Персонал организации; S4 Хакеры, мошенники",low,0.33,Системное программное обеспечение,t,t,t,1.00,ST2 Несанкционированный доступ,"VL2 Устаревшие версии ПО или версии, имеющие уязвимости; VL4 Обход администратором правил и режимов безопасности; VL6 Открытые ОС; VL7 Отсутствие средств защиты ЛВС",AD Системы / настройки администрирования; A Антивирус; DD DDoS-фильтры; DZ Демилитаризованная зона ЛВС; FW Межсетевой экран; HP Honeypot; IDS Система обнаружения вторжений; L Программная защита информации от НСД; R Резервное копирование,DA1 Копирование (чтение) информации; DA4 Модификация информации; DA6 Хищение информации; DA7 Нарушение работоспособности системы
УБИ.066,Угроза неопределённости ответственности за обеспечение безопасности облака,Внешний нарушитель с низким потенциалом,"S4 Хакеры, мошенники",low,0.33,Облачная система,t,t,t,1.00,ST2 Несанкционированный доступ,"VL2 Устаревшие версии ПО или версии, имеющие уязвимости; VL4 Обход администратором правил и режимов безопасности; VL6 Открытые ОС; VL7 Отсутствие средств защиты ЛВС",AD Системы / настройки администрирования; A Антивирус; DD DDoS-фильтры; DZ Демилитаризованная зона ЛВС; FW Межсетевой экран; HP Honeypot; IDS Система обнаружения вторжений; L Программная защита информации от НСД; R Резервное копирование,DA1 Копирование (чтение) информации; DA4 Модификация информации; DA6 Хищение информации; DA7 Нарушение работоспособности системы
УБИ.067,Угроза неправомерного ознакомления с защищаемой информацией,Внутренний нарушитель с низким потенциалом,S3 Персонал организации,low,0.33,"Аппаратное обеспечение, носители информации, объекты файловой системы",t,f,f,0.33,ST1 Инсталляция и запуск вирусов,"VL1 Нештатное дополнительное ПО; VL2 Устаревшие версии ПО или версии, имеющие уязвимости; VL3 Допустимость установки недекларируемого ПО; VL5 Носители информации; VL6 Открытые ОС",AD Системы / настройки администрирования; A Антивирус; DS Цифровая подпись; FW Межсетевой экран; IDS Система обнаружения вторжений; L Программная защита информации от НСД; R Резервное копирование,DA3 Уничтожение информации; DA4 Модификация информации; DA5 Блокирование информации; DA7 Нарушение работоспособности системы
УБИ.068,Угроза неправомерного/некорректного использования интерфейса взаимодействия с приложением,Внешний нарушитель со средним потенциалом; Внутренний нарушитель со средним потенциалом,"S1 Конкуренты; S2 Недобросовестные партнёры; S3 Персонал организации; S4 Хакеры, мошенники",medium,0.66,"Системное программное обеспечение, прикладное программное обеспечение, сетевое программное обеспечение, микропрограммное обеспечение, реестр",t,t,t,1.00,ST2 Несанкционированный доступ,"VL2 Устаревшие версии ПО или версии, имеющие уязвимости; VL4 Обход администратором правил и режимов безопасности; VL6 Открытые ОС; VL7 Отсутствие средств защиты ЛВС",AD Системы / настройки администрирования; A Антивирус; DD DDoS-фильтры; DZ Демилитаризованная зона ЛВС; FW Межсетевой экран; HP Honeypot; IDS Система обнаружения вторжений; L Программная защита информации от НСД; R Резервное копирование,DA1 Копирование (чтение) информации; DA4 Модификация информации; DA6 Хищение информации; DA7 Нарушение работоспособности системы
УБИ.069,Угроза неправомерных действий в каналах связи,Внешний нарушитель с низким потенциалом,"S4 Хакеры, мошенники",low,0.33,Сетевой трафик,t,t,f,0.66,ST2 Несанкционированный доступ; ST4 Перехват трафика; ST7 Проникновение через сервисы,"VL2 Устаревшие версии ПО или версии, имеющие уязвимости; VL4 Обход администратором правил и режимов безопасности; VL6 Открытые ОС; VL7 Отсутствие средств защиты ЛВС",AD Системы / настройки администрирования; A Антивирус; DD DDoS-фильтры; DZ Демилитаризованная зона ЛВС; FW Межсетевой экран; HP Honeypot; IDS Система обнаружения вторжений; L Программная защита информации от НСД; R Резервное копирование,DA1 Копирование (чтение) информации; DA2 Перехват информации; DA4 Модификация информации; DA5 Блокирование информации; DA6 Хищение информации; DA7 Нарушение работоспособности системы
УБИ.070,Угроза непрерывной модернизации облачной инфраструктуры,Внутренний нарушитель со средним потенциалом,S3 Персонал организации,medium,0.66,Облачная инфраструктура,f,t,t,0.66,ST2 Несанкционированный доступ,"VL2 Устаревшие версии ПО или версии, имеющие уязвимости; VL4 Обход администратором правил и режимов безопасности; VL6 Открытые ОС; VL7 Отсутствие средств защиты ЛВС",AD Системы / настройки администрирования; A Антивирус; DD DDoS-фильтры; DZ Демилитаризованная зона ЛВС; FW Межсетевой экран; HP Honeypot; IDS Система обнаружения вторжений; L Программная защита информации от НСД; R Резервное копирование,DA1 Копирование (чтение) информации; DA4 Модификация информации; DA6 Хищение информации; DA7 Нарушение работоспособности системы
УБИ.071,Угроза несанкционированного восстановления удалённой защищаемой информации,Внешний нарушитель с низким потенциалом; Внутренний нарушитель с низким потенциалом,"S3 Персонал организации; S4 Хакеры, мошенники",low,0.33,Машинный носитель информации,t,f,f,0.33,ST2 Несанкционированный доступ,"VL2 Устаревшие версии ПО или версии, имеющие уязвимости; VL4 Обход администратором правил и режимов безопасности; VL6 Открытые ОС; VL7 Отсутствие средств защиты ЛВС",AD Системы / настройки администрирования; A Антивирус; DD DDoS-фильтры; DZ Демилитаризованная зона ЛВС; FW Межсетевой экран; HP Honeypot; IDS Система обнаружения вторжений; L Программная защита информации от НСД; R Резервное копирование,DA1 Копирование (чтение) информации; DA4 Модификация информации; DA6 Хищение информации; DA7 Нарушение работоспособности системы
УБИ.072,Угроза несанкционированного выключения или обхода механизма защиты от записи в BIOS,Внутренний нарушитель с низким потенциалом,S3 Персонал организации,low,0.33,Микропрограммное и аппаратное обеспечение BIOS/UEFI,t,t,t,1.00,ST1 Инсталляция и запуск вирусов; ST7 Проникновение через сервисы,"VL1 Нештатное дополнительное ПО; VL2 Устаревшие версии ПО или версии, имеющие уязвимости; VL3 Допустимость установки недекларируемого ПО; VL4 Обход администратором правил и режимов безопасности; VL5 Носители информации; VL6 Открытые ОС; VL7 Отсутствие средств защиты ЛВС",AD Системы / настройки администрирования; A Антивирус; DD DDoS-фильтры; DS Цифровая подпись; DZ Демилитаризованная зона ЛВС; FW Межсетевой экран; HP Honeypot; IDS Система обнаружения вторжений; L Программная защита информации от НСД; R Резервное копирование,DA1 Копирование (чтение) информации; DA3 Уничтожение информации; DA4 Модификация информации; DA5 Блокирование информации; DA7 Нарушение работоспособности системы
УБИ.073,Угроза несанкционированного доступа к активному и (или) пассивному виртуальному и (или) физическому сетевому оборудованию из физической и (или) виртуальной сети,Внешний нарушитель со средним потенциалом; Внутренний нарушитель со средним потенциалом,"S1 Конкуренты; S2 Недобросовестные партнёры; S3 Персонал организации; S4 Хакеры, мошенники",medium,0.66,"Сетевое оборудование, микропрограммное обеспечение, сетевое программное обеспечение, виртуальные устройства",t,t,t,1.00,ST1 Инсталляция и запуск вирусов; ST2 Несанкционированный доступ; ST7 Проникновение через сервисы,"VL1 Нештатное дополнительное ПО; VL2 Устаревшие версии ПО или версии, имеющие уязвимости; VL3 Допустимость установки недекларируемого ПО; VL4 Обход администратором правил и режимов безопасности; VL5 Носители информации; VL6 Открытые ОС; VL7 Отсутствие средств защиты ЛВС",AD Системы / настройки администрирования; A Антивирус; DD DDoS-фильтры; DS Цифровая подпись; DZ Демилитаризованная зона ЛВС; FW Межсетевой экран; HP Honeypot; IDS Система обнаружения вторжений; L Программная защита информации от НСД; R Резервное копирование,DA1 Копирование (чтение) информации; DA3 Уничтожение информации; DA4 Модификация информации; DA5 Блокирование информации; DA6 Хищение информации; DA7 Нарушение работоспособности системы
УБИ.074,Угроза несанкционированного доступа к аутентификационной информации,Внешний нарушитель с низким потенциалом; Внутренний нарушитель с низким потенциалом,"S3 Персонал организации; S4 Хакеры, мошенники",low,0.33,"Системное программное обеспечение, объекты файловой системы, учётные данные пользователя, реестр, машинные носители информации",t,f,f,0.33,ST2 Несанкционированный доступ,"VL2 Устаревшие версии ПО или версии, имеющие уязвимости; VL4 Обход администратором правил и режимов безопасности; VL6 Открытые ОС; VL7 Отсутствие средств защиты ЛВС",AD Системы / настройки администрирования; A Антивирус; DD DDoS-фильтры; DZ Демилитаризованная зона ЛВС; FW Межсетевой экран; HP Honeypot; IDS Система обнаружения вторжений; L Программная защита информации от НСД; R Резервное копирование,DA1 Копирование (чтение) информации; DA4 Модификация информации; DA6 Хищение информации; DA7 Нарушение работоспособности системы
УБИ.075,Угроза несанкционированного доступа к виртуальным каналам передачи,Внешний нарушитель с низким потенциалом; Внутренний нарушитель с низким потенциалом,"S3 Персонал организации; S4 Хакеры, мошенники",low,0.33,"Сетевое программное обеспечение, сетевой трафик, виртуальные устройства",t,f,f,0.33,ST2 Несанкционированный доступ; ST4 Перехват трафика,"VL2 Устаревшие версии ПО или версии, имеющие уязвимости; VL4 Обход администратором правил и режимов безопасности; VL6 Открытые ОС; VL7 Отсутствие средств защиты ЛВС",AD Системы / настройки администрирования; A Антивирус; DD DDoS-фильтры; DZ Демилитаризованная зона ЛВС; FW Межсетевой экран; HP Honeypot; IDS Система обнаружения вторжений; L Программная защита информации от НСД; R Резервное копирование,DA1 Копирование (чтение) информации; DA2 Перехват информации; DA4 Модификация информации; DA6 Хищение информации; DA7 Нарушение работоспособности системы
УБИ.076,Угроза несанкционированного доступа к гипервизору из виртуальной машины и (или) физической сети,Внешний нарушитель со средним потенциалом; Внутренний нарушитель со средним потенциалом,"S1 Конкуренты; S2 Недобросовестные партнёры; S3 Персонал организации; S4 Хакеры, мошенники",medium,0.66,Гипервизор,f,f,t,0.33,ST2 Несанкционированный доступ; ST3 DDoS-атаки,"VL2 Устаревшие версии ПО или версии, имеющие уязвимости; VL4 Обход администратором правил и режимов безопасности; VL6 Открытые ОС; VL7 Отсутствие средств защиты ЛВС",AD Системы / настройки администрирования; A Антивирус; DD DDoS-фильтры; DZ Демилитаризованная зона ЛВС; FW Межсетевой экран; HP Honeypot; IDS Система обнаружения вторжений; L Программная защита информации от НСД; R Резервное копирование,DA1 Копирование (чтение) информации; DA4 Модификация информации; DA5 Блокирование информации; DA6 Хищение информации; DA7 Нарушение работоспособности системы
УБИ.077,"Угроза несанкционированного доступа к данным за пределами зарезервированного адресного пространства, в том числе выделенного под виртуальное аппаратное обеспечение",Внешний нарушитель со средним потенциалом; Внутренний нарушитель со средним потенциалом,"S1 Конкуренты; S2 Недобросовестные партнёры; S3 Персонал организации; S4 Хакеры, мошенники",medium,0.66,"Сервер, рабочая станция, виртуальная машина, гипервизор, машинный носитель информации, метаданные",f,t,t,0.66,ST1 Инсталляция и запуск вирусов; ST2 Несанкционированный доступ,"VL1 Нештатное дополнительное ПО; VL2 Устаревшие версии ПО или версии, имеющие уязвимости; VL3 Допустимость установки недекларируемого ПО; VL4 Обход администратором правил и режимов безопасности; VL5 Носители информации; VL6 Открытые ОС; VL7 Отсутствие средств защиты ЛВС",AD Системы / настройки администрирования; A Антивирус; DD DDoS-фильтры; DS Цифровая подпись; DZ Демилитаризованная зона ЛВС; FW Межсетевой экран; HP Honeypot; IDS Система обнаружения вторжений; L Программная защита информации от НСД; R Резервное копирование,DA1 Копирование (чтение) информации; DA3 Уничтожение информации; DA4 Модификация информации; DA5 Блокирование информации; DA6 Хищение информации; DA7 Нарушение работоспособности системы
УБИ.078,Угроза несанкционированного доступа к защищаемым виртуальным машинам из виртуальной и (или) физической сети,Внешний нарушитель с низким потенциалом; Внутренний нарушитель с низким потенциалом,"S3 Персонал организации; S4 Хакеры, мошенники",low,0.33,Виртуальная машина,t,t,t,1.00,ST2 Несанкционированный доступ,"VL2 Устаревшие версии ПО или версии, имеющие уязвимости; VL4 Обход администратором правил и режимов безопасности; VL6 Открытые ОС; VL7 Отсутствие средств защиты ЛВС",AD Системы / настройки администрирования; A Антивирус; DD DDoS-фильтры; DZ Демилитаризованная зона ЛВС; FW Межсетевой экран; HP Honeypot; IDS Система обнаружения вторжений; L Программная защита информации от НСД; R Резервное копирование,DA1 Копирование (чтение) информации; DA4 Модификация информации; DA6 Хищение информации; DA7 Нарушение работоспособности системы
УБИ.079,Угроза несанкционированного доступа к защищаемым виртуальным машинам со стороны других виртуальных машин,Внешний нарушитель с низким потенциалом; Внутренний нарушитель с низким потенциалом,"S3 Персонал организации; S4 Хакеры, мошенники",low,0.33,Виртуальная машина,t,t,t,1.00,ST2 Несанкционированный доступ,"VL2 Устаревшие версии ПО или версии, имеющие уязвимости; VL4 Обход администратором правил и режимов безопасности; VL6 Открытые ОС; VL7 Отсутствие средств защиты ЛВС",AD Системы / настройки администрирования; A Антивирус; DD DDoS-фильтры; DZ Демилитаризованная зона ЛВС; FW Межсетевой экран; HP Honeypot; IDS Система обнаружения вторжений; L Программная защита информации от НСД; R Резервное копирование,DA1 Копирование (чтение) информации; DA4 Модификация информации; DA6 Хищение информации; DA7 Нарушение работоспособности системы
УБИ.080,Угроза несанкционированного доступа к защищаемым виртуальным устройствам из виртуальной и (или) физической сети,Внешний нарушитель со средним потенциалом; Внутренний нарушитель со средним потенциалом,"S1 Конкуренты; S2 Недобросовестные партнёры; S3 Персонал организации; S4 Хакеры, мошенники",medium,0.66,"Виртуальные устройства хранения, обработки и передачи данных",t,t,t,1.00,ST2 Несанкционированный доступ,"VL2 Устаревшие версии ПО или версии, имеющие уязвимости; VL4 Обход администратором правил и режимов безопасности; VL6 Открытые ОС; VL7 Отсутствие средств защиты ЛВС",AD Системы / настройки администрирования; A Антивирус; DD DDoS-фильтры; DZ Демилитаризованная зона ЛВС; FW Межсетевой экран; HP Honeypot; IDS Система обнаружения вторжений; L Программная защита информации от НСД; R Резервное копирование,DA1 Копирование (чтение) информации; DA4 Модификация информации; DA6 Хищение информации; DA7 Нарушение работоспособности системы
УБИ.081,Угроза несанкционированного доступа к локальному компьютеру через клиента грид-системы,Внешний нарушитель со средним потенциалом,"S1 Конкуренты; S2 Недобросовестные партнёры; S4 Хакеры, мошенники",medium,0.66,Узлы грид-системы,t,t,t,1.00,ST1 Инсталляция и запуск вирусов; ST2 Несанкционированный доступ; ST7 Проникновение через сервисы,"VL1 Нештатное дополнительное ПО; VL2 Устаревшие версии ПО или версии, имеющие уязвимости; VL3 Допустимость установки недекларируемого ПО; VL4 Обход администратором правил и режимов безопасности; VL5 Носители информации; VL6 Открытые ОС; VL7 Отсутствие средств защиты ЛВС",AD Системы / настройки администрирования; A Антивирус; DD DDoS-фильтры; DS Цифровая подпись; DZ Демилитаризованная зона ЛВС; FW Межсетевой экран; HP Honeypot; IDS Система обнаружения вторжений; L Программная защита информации от НСД; R Резервное копирование,DA1 Копирование (чтение) информации; DA3 Уничтожение информации; DA4 Модификация информации; DA5 Блокирование информации; DA6 Хищение информации; DA7 Нарушение работоспособности системы
УБИ.082,Угроза несанкционированного доступа к сегментам вычислительного поля,Внутренний нарушитель со средним потенциалом,S3 Персонал организации,medium,0.66,Вычислительный узел суперкомпьютера,t,t,f,0.66,ST2 Несанкционированный доступ; ST5 Проникновение во внутреннюю сеть,"VL2 Устаревшие версии ПО или версии, имеющие уязвимости; VL4 Обход администратором правил и режимов безопасности; VL6 Открытые ОС; VL7 Отсутствие средств защиты ЛВС",AD Системы / настройки администрирования; A Антивирус; DD DDoS-фильтры; DZ Демилитаризованная зона ЛВС; FW Межсетевой экран; HP Honeypot; IDS Система обнаружения вторжений; L Программная защита информации от НСД; R Резервное копирование,DA1 Копирование (чтение) информации; DA4 Модификация информации; DA6 Хищение информации; DA7 Нарушение работоспособности системы
УБИ.083,Угроза несанкционированного доступа к системе по беспроводным каналам,Внешний нарушитель с низким потенциалом,"S4 Хакеры, мошенники",low,0.33,"Сетевой узел, учётные данные пользователя, сетевой трафик, аппаратное обеспечение",t,t,t,1.00,ST2 Несанкционированный доступ; ST4 Перехват трафика; ST7 Проникновение через сервисы,"VL2 Устаревшие версии ПО или версии, имеющие уязвимости; VL4 Обход администратором правил и режимов безопасности; VL6 Открытые ОС; VL7 Отсутствие средств защиты ЛВС",AD Системы / настройки администрирования; A Антивирус; DD DDoS-фильтры; DZ Демилитаризованная зона ЛВС; FW Межсетевой экран; HP Honeypot; IDS Система обнаружения вторжений; L Программная защита информации от НСД; R Резервное копирование,DA1 Копирование (чтение) информации; DA2 Перехват информации; DA4 Модификация информации; DA5 Блокирование информации; DA6 Хищение информации; DA7 Нарушение работоспособности системы
УБИ.084,Угроза несанкционированного доступа к системе хранения данных из виртуальной и (или) физической сети,Внешний нарушитель с низким потенциалом; Внутренний нарушитель с низким потенциалом,"S3 Персонал организации; S4 Хакеры, мошенники",low,0.33,"Виртуальные устройства хранения данных, виртуальные диски",t,t,t,1.00,ST2 Несанкционированный доступ; ST5 Проникновение во внутреннюю сеть,"VL2 Устаревшие версии ПО или версии, имеющие уязвимости; VL4 Обход администратором правил и режимов безопасности; VL6 Открытые ОС; VL7 Отсутствие средств защиты ЛВС",AD Системы / настройки администрирования; A Антивирус; DD DDoS-фильтры; DZ Демилитаризованная зона ЛВС; FW Межсетевой экран; HP Honeypot; IDS Система обнаружения вторжений; L Программная защита информации от НСД; R Резервное копирование,DA1 Копирование (чтение) информации; DA4 Модификация информации; DA6 Хищение информации; DA7 Нарушение работоспособности системы
УБИ.085,Угроза несанкционированного доступа к хранимой в виртуальном пространстве защищаемой информации,Внешний нарушитель со средним потенциалом; Внутренний нарушитель со средним потенциалом,"S1 Конкуренты; S2 Недобросовестные партнёры; S3 Персонал организации; S4 Хакеры, мошенники",medium,0.66,"Носитель информации, объекты файловой системы",t,f,f,0.33,ST2 Несанкционированный доступ; ST5 Проникновение во внутреннюю сеть,"VL2 Устаревшие версии ПО или версии, имеющие уязвимости; VL4 Обход администратором правил и режимов безопасности; VL6 Открытые ОС; VL7 Отсутствие средств защиты ЛВС",AD Системы / настройки администрирования; A Антивирус; DD DDoS-фильтры; DZ Демилитаризованная зона ЛВС; FW Межсетевой экран; HP Honeypot; IDS Система обнаружения вторжений; L Программная защита информации от НСД; R Резервное копирование,DA1 Копирование (чтение) информации; DA4 Модификация информации; DA6 Хищение информации; DA7 Нарушение работоспособности системы
УБИ.086,Угроза несанкционированного изменения аутентификационной информации,Внешний нарушитель с низким потенциалом; Внутренний нарушитель с низким потенциалом,"S3 Персонал организации; S4 Хакеры, мошенники",low,0.33,"Системное программное обеспечение, объекты файловой системы, учётные данные пользователя, реестр",f,t,t,0.66,ST2 Несанкционированный доступ,"VL2 Устаревшие версии ПО или версии, имеющие уязвимости; VL4 Обход администратором правил и режимов безопасности; VL6 Открытые ОС; VL7 Отсутствие средств защиты ЛВС",AD Системы / настройки администрирования; A Антивирус; DD DDoS-фильтры; DZ Демилитаризованная зона ЛВС; FW Межсетевой экран; HP Honeypot; IDS Система обнаружения вторжений; L Программная защита информации от НСД; R Резервное копирование,DA1 Копирование (чтение) информации; DA4 Модификация информации; DA6 Хищение информации; DA7 Нарушение работоспособности системы
УБИ.087,Угроза несанкционированного использования привилегированных функций BIOS,Внешний нарушитель с высоким потенциалом; Внутренний нарушитель с низким потенциалом,"S1 Конкуренты; S2 Недобросовестные партнёры; S3 Персонал организации; S4 Хакеры, мошенники",high,1.00,"Аппаратное обеспечение, микропрограммное обеспечение BIOS/UEFI",t,t,t,1.00,ST2 Несанкционированный доступ,"VL2 Устаревшие версии ПО или версии, имеющие уязвимости; VL4 Обход администратором правил и режимов безопасности; VL6 Открытые ОС; VL7 Отсутствие средств защиты ЛВС",AD Системы / настройки администрирования; A Антивирус; DD DDoS-фильтры; DZ Демилитаризованная зона ЛВС; FW Межсетевой экран; HP Honeypot; IDS Система обнаружения вторжений; L Программная защита информации от НСД; R Резервное копирование,DA1 Копирование (чтение) информации; DA4 Модификация информации; DA6 Хищение информации; DA7 Нарушение работоспособности системы
УБИ.088,Угроза несанкционированного копирования защищаемой информации,Внешний нарушитель с низким потенциалом; Внутренний нарушитель с низким потенциалом,"S3 Персонал организации; S4 Хакеры, мошенники",low,0.33,"Объекты файловой системы, машинный носитель информации",t,f,f,0.33,ST2 Несанкционированный доступ,"VL2 Устаревшие версии ПО или версии, имеющие уязвимости; VL4 Обход администратором правил и режимов безопасности; VL6 Открытые ОС; VL7 Отсутствие средств защиты ЛВС",AD Системы / настройки администрирования; A Антивирус; DD DDoS-фильтры; DZ Демилитаризованная зона ЛВС; FW Межсетевой экран; HP Honeypot; IDS Система обнаружения вторжений; L Программная защита информации от НСД; R Резервное копирование,DA1 Копирование (чтение) информации; DA4 Модификация информации; DA6 Хищение информации; DA7 Нарушение работоспособности системы
УБИ.089,Угроза несанкционированного редактирования реестра,Внешний нарушитель с низким потенциалом; Внутренний нарушитель с низким потенциалом,"S3 Персонал организации; S4 Хакеры, мошенники",low,0.33,"Системное программное обеспечение, использующее реестр, реестр",t,t,t,1.00,ST2 Несанкционированный доступ; ST7 Проникновение через сервисы,"VL2 Устаревшие версии ПО или версии, имеющие уязвимости; VL4 Обход администратором правил и режимов безопасности; VL6 Открытые ОС; VL7 Отсутствие средств защиты ЛВС",AD Системы / настройки администрирования; A Антивирус; DD DDoS-фильтры; DZ Демилитаризованная зона ЛВС; FW Межсетевой экран; HP Honeypot; IDS Система обнаружения вторжений; L Программная защита информации от НСД; R Резервное копирование,DA1 Копирование (чтение) информации; DA4 Модификация информации; DA5 Блокирование информации; DA6 Хищение информации; DA7 Нарушение работоспособности системы
УБИ.090,Угроза несанкционированного создания учётной записи пользователя,Внешний нарушитель с низким потенциалом; Внутренний нарушитель с низким потенциалом,"S3 Персонал организации; S4 Хакеры, мошенники",low,0.33,Системное программное обеспечение,t,t,t,1.00,ST2 Несанкционированный доступ,"VL2 Устаревшие версии ПО или версии, имеющие уязвимости; VL4 Обход администратором правил и режимов безопасности; VL6 Открытые ОС; VL7 Отсутствие средств защиты ЛВС",AD Системы / настройки администрирования; A Антивирус; DD DDoS-фильтры; DZ Демилитаризованная зона ЛВС; FW Межсетевой экран; HP Honeypot; IDS Система обнаружения вторжений; L Программная защита информации от НСД; R Резервное копирование,DA1 Копирование (чтение) информации; DA4 Модификация информации; DA6 Хищение информации; DA7 Нарушение работоспособности системы
УБИ.091,Угроза несанкционированного удаления защищаемой информации,Внешний нарушитель с низким потенциалом; Внутренний нарушитель с низким потенциалом,"S3 Персонал организации; S4 Хакеры, мошенники",low,0.33,"Метаданные, объекты файловой системы, реестр",f,f,t,0.33,ST2 Несанкционированный доступ,"VL2 Устаревшие версии ПО или версии, имеющие уязвимости; VL4 Обход администратором правил и режимов безопасности; VL6 Открытые ОС; VL7 Отсутствие средств защиты ЛВС",AD Системы / настройки администрирования; A Антивирус; DD DDoS-фильтры; DZ Демилитаризованная зона ЛВС; FW Межсетевой экран; HP Honeypot; IDS Система обнаружения вторжений; L Программная защита информации от НСД; R Резервное копирование,DA1 Копирование (чтение) информации; DA4 Модификация информации; DA6 Хищение информации; DA7 Нарушение работоспособности системы
УБИ.092,Угроза несанкционированного удалённого внеполосного доступа к аппаратным средствам,Внешний нарушитель с высоким потенциалом,"S1 Конкуренты; S2 Недобросовестные партнёры; S4 Хакеры, мошенники",high,1.00,"Информационная система, аппаратное обеспечение",t,t,t,1.00,ST2 Несанкционированный доступ,"VL2 Устаревшие версии ПО или версии, имеющие уязвимости; VL4 Обход администратором правил и режимов безопасности; VL6 Открытые ОС; VL7 Отсутствие средств защиты ЛВС",AD Системы / настройки администрирования; A Антивирус; DD DDoS-фильтры; DZ Демилитаризованная зона ЛВС; FW Межсетевой экран; HP Honeypot; IDS Система обнаружения вторжений; L Программная защита информации от НСД; R Резервное копирование,DA1 Копирование (чтение) информации; DA4 Модификация информации; DA6 Хищение информации; DA7 Нарушение работоспособности системы
УБИ.093,Угроза несанкционированного управления буфером,Внешний нарушитель с низким потенциалом; Внутренний нарушитель с низким потенциалом,"S3 Персонал организации; S4 Хакеры, мошенники",low,0.33,"Системное программное обеспечение, прикладное программное обеспечение, сетевое программное обеспечение",t,t,t,1.00,ST1 Инсталляция и запуск вирусов; ST2 Несанкционированный доступ; ST5 Проникновение во внутреннюю сеть,"VL1 Нештатное дополнительное ПО; VL2 Устаревшие версии ПО или версии, имеющие уязвимости; VL3 Допустимость установки недекларируемого ПО; VL4 Обход администратором правил и режимов безопасности; VL5 Носители информации; VL6 Открытые ОС; VL7 Отсутствие средств защиты ЛВС",AD Системы / настройки администрирования; A Антивирус; DD DDoS-фильтры; DS Цифровая подпись; DZ Демилитаризованная зона ЛВС; FW Межсетевой экран; HP Honeypot; IDS Система обнаружения вторжений; L Программная защита информации от НСД; R Резервное копирование,DA1 Копирование (чтение) информации; DA3 Уничтожение информации; DA4 Модификация информации; DA5 Блокирование информации; DA6 Хищение информации; DA7 Нарушение работоспособности системы
УБИ.094,Угроза несанкционированного управления синхронизацией и состоянием,Внешний нарушитель со средним потенциалом; Внутренний нарушитель со средним потенциалом,"S1 Конкуренты; S2 Недобросовестные партнёры; S3 Персонал организации; S4 Хакеры, мошенники",medium,0.66,"Системное программное обеспечение, прикладное программное обеспечение, сетевое программное обеспечение, микропрограммное обеспечение",f,t,t,0.66,ST2 Несанкционированный доступ,"VL2 Устаревшие версии ПО или версии, имеющие уязвимости; VL4 Обход администратором правил и режимов безопасности; VL6 Открытые ОС; VL7 Отсутствие средств защиты ЛВС",AD Системы / настройки администрирования; A Антивирус; DD DDoS-фильтры; DZ Демилитаризованная зона ЛВС; FW Межсетевой экран; HP Honeypot; IDS Система обнаружения вторжений; L Программная защита информации от НСД; R Резервное копирование,DA1 Копирование (чтение) информации; DA4 Модификация информации; DA6 Хищение информации; DA7 Нарушение работоспособности системы
УБИ.095,Угроза несанкционированного управления указателями,Внешний нарушитель со средним потенциалом; Внутренний нарушитель со средним потенциалом,"S1 Конкуренты; S2 Недобросовестные партнёры; S3 Персонал организации; S4 Хакеры, мошенники",medium,0.66,"Системное программное обеспечение, прикладное программное обеспечение, сетевое программное обеспечение",t,t,t,1.00,ST1 Инсталляция и запуск вирусов; ST2 Несанкционированный доступ; ST3 DDoS-атаки,"VL1 Нештатное дополнительное ПО; VL2 Устаревшие версии ПО или версии, имеющие уязвимости; VL3 Допустимость установки недекларируемого ПО; VL4 Обход администратором правил и режимов безопасности; VL5 Носители информации; VL6 Открытые ОС; VL7 Отсутствие средств защиты ЛВС",AD Системы / настройки администрирования; A Антивирус; DD DDoS-фильтры; DS Цифровая подпись; DZ Демилитаризованная зона ЛВС; FW Межсетевой экран; HP Honeypot; IDS Система обнаружения вторжений; L Программная защита информации от НСД; R Резервное копирование,DA1 Копирование (чтение) информации; DA3 Уничтожение информации; DA4 Модификация информации; DA5 Блокирование информации; DA6 Хищение информации; DA7 Нарушение работоспособности системы
УБИ.096,Угроза несогласованности политик безопасности элементов облачной инфраструктуры,Внешний нарушитель с низким потенциалом; Внутренний нарушитель с низким потенциалом,"S3 Персонал организации; S4 Хакеры, мошенники",low,0.33,"Системное программное обеспечение, облачная система",t,t,t,1.00,ST2 Несанкционированный доступ,"VL2 Устаревшие версии ПО или версии, имеющие уязвимости; VL4 Обход администратором правил и режимов безопасности; VL6 Открытые ОС; VL7 Отсутствие средств защиты ЛВС",AD Системы / настройки администрирования; A Антивирус; DD DDoS-фильтры; DZ Демилитаризованная зона ЛВС; FW Межсетевой экран; HP Honeypot; IDS Система обнаружения вторжений; L Программная защита информации от НСД; R Резервное копирование,DA1 Копирование (чтение) информации; DA4 Модификация информации; DA6 Хищение информации; DA7 Нарушение работоспособности системы
УБИ.097,Угроза несогласованности правил доступа к большим данным,Внутренний нарушитель с низким потенциалом,S3 Персонал организации,low,0.33,Хранилище больших данных,t,f,t,0.66,ST2 Несанкционированный доступ,"VL2 Устаревшие версии ПО или версии, имеющие уязвимости; VL4 Обход администратором правил и режимов безопасности; VL6 Открытые ОС; VL7 Отсутствие средств защиты ЛВС",AD Системы / настройки администрирования; A Антивирус; DD DDoS-фильтры; DZ Демилитаризованная зона ЛВС; FW Межсетевой экран; HP Honeypot; IDS Система обнаружения вторжений; L Программная защита информации от НСД; R Резервное копирование,DA1 Копирование (чтение) информации; DA4 Модификация информации; DA6 Хищение информации; DA7 Нарушение работоспособности системы
УБИ.098,Угроза обнаружения открытых портов и идентификации привязанных к ним сетевых служб,Внешний нарушитель с низким потенциалом,"S4 Хакеры, мошенники",low,0.33,"Сетевой узел, сетевое программное обеспечение, сетевой трафик",t,f,f,0.33,ST2 Несанкционированный доступ; ST4 Перехват трафика; ST6 Внешнее сканирование; ST7 Проникновение через сервисы,"VL2 Устаревшие версии ПО или версии, имеющие уязвимости; VL4 Обход администратором правил и режимов безопасности; VL6 Открытые ОС; VL7 Отсутствие средств защиты ЛВС",AD Системы / настройки администрирования; A Антивирус; DD DDoS-фильтры; DZ Демилитаризованная зона ЛВС; FW Межсетевой экран; HP Honeypot; IDS Система обнаружения вторжений; L Программная защита информации от НСД; R Резервное копирование,DA1 Копирование (чтение) информации; DA2 Перехват информации; DA4 Модификация информации; DA5 Блокирование информации; DA6 Хищение информации; DA7 Нарушение работоспособности системы
УБИ.099,Угроза обнаружения хостов,Внешний нарушитель с низким потенциалом,"S4 Хакеры, мошенники",low,0.33,"Сетевой узел, сетевое программное обеспечение, сетевой трафик",t,f,f,0.33,ST4 Перехват трафика; ST6 Внешнее сканирование,VL6 Открытые ОС; VL7 Отсутствие средств защиты ЛВС,AD Системы / настройки администрирования; DD DDoS-фильтры; DZ Демилитаризованная зона ЛВС; FW Межсетевой экран; HP Honeypot; IDS Система обнаружения вторжений; L Программная защита информации от НСД,DA1 Копирование (чтение) информации; DA2 Перехват информации; DA4 Модификация информации; DA7 Нарушение работоспособности системы
УБИ.100,Угроза обхода некорректно настроенных механизмов аутентификации,Внешний нарушитель с низким потенциалом; Внутренний нарушитель с низким потенциалом,"S3 Персонал организации; S4 Хакеры, мошенники",low,0.33,"Системное программное обеспечение, сетевое программное обеспечение",t,t,t,1.00,ST2 Несанкционированный доступ,"VL2 Устаревшие версии ПО или версии, имеющие уязвимости; VL4 Обход администратором правил и режимов безопасности; VL6 Открытые ОС; VL7 Отсутствие средств защиты ЛВС",AD Системы / настройки администрирования; A Антивирус; DD DDoS-фильтры; DZ Демилитаризованная зона ЛВС; FW Межсетевой экран; HP Honeypot; IDS Система обнаружения вторжений; L Программная защита информации от НСД; R Резервное копирование,DA1 Копирование (чтение) информации; DA4 Модификация информации; DA6 Хищение информации; DA7 Нарушение работоспособности системы
УБИ.101,Угроза общедоступности облачной инфраструктуры,Внешний нарушитель со средним потенциалом,"S1 Конкуренты; S2 Недобросовестные партнёры; S4 Хакеры, мошенники",medium,0.66,"Объекты файловой системы, аппаратное обеспечение, облачный сервер",t,t,t,1.00,ST2 Несанкционированный доступ,"VL2 Устаревшие версии ПО или версии, имеющие уязвимости; VL4 Обход администратором правил и режимов безопасности; VL6 Открытые ОС; VL7 Отсутствие средств защиты ЛВС",AD Системы / настройки администрирования; A Антивирус; DD DDoS-фильтры; DZ Демилитаризованная зона ЛВС; FW Межсетевой экран; HP Honeypot; IDS Система обнаружения вторжений; L Программная защита информации от НСД; R Резервное копирование,DA1 Копирование (чтение) информации; DA4 Модификация информации; DA6 Хищение информации; DA7 Нарушение работоспособности системы
УБИ.102,Угроза опосредованного управления группой программ через совместно используемые данные,Внешний нарушитель со средним потенциалом; Внутренний нарушитель со средним потенциалом,"S1 Конкуренты; S2 Недобросовестные партнёры; S3 Персонал организации; S4 Хакеры, мошенники",medium,0.66,"Системное программное обеспечение, прикладное программное обеспечение, сетевое программное обеспечение",f,t,t,0.66,ST4 Перехват трафика,VL6 Открытые ОС; VL7 Отсутствие средств защиты ЛВС,AD Системы / настройки администрирования; DD DDoS-фильтры; DZ Демилитаризованная зона ЛВС; FW Межсетевой экран; HP Honeypot; IDS Система обнаружения вторжений; L Программная защита информации от НСД,DA1 Копирование (чтение) информации; DA2 Перехват информации; DA4 Модификация информации
УБИ.103,Угроза определения типов объектов защиты,Внешний нарушитель с низким потенциалом,"S4 Хакеры, мошенники",low,0.33,"Сетевой узел, сетевое программное обеспечение, сетевой трафик",t,f,f,0.33,ST4 Перехват трафика,VL6 Открытые ОС; VL7 Отсутствие средств защиты ЛВС,AD Системы / настройки администрирования; DD DDoS-фильтры; DZ Демилитаризованная зона ЛВС; FW Межсетевой экран; HP Honeypot; IDS Система обнаружения вторжений; L Программная защита информации от НСД,DA1 Копирование (чтение) информации; DA2 Перехват информации; DA4 Модификация информации
УБИ.104,Угроза определения топологии вычислительной сети,Внешний нарушитель с низким потенциалом,"S4 Хакеры, мошенники",low,0.33,"Сетевой узел, сетевое программное обеспечение, сетевой трафик",t,f,f,0.33,ST4 Перехват трафика; ST6 Внешнее сканирование,VL6 Открытые ОС; VL7 Отсутствие средств защиты ЛВС,AD Системы / настройки администрирования; DD DDoS-фильтры; DZ Демилитаризованная зона ЛВС; FW Межсетевой экран; HP Honeypot; IDS Система обнаружения вторжений; L Программная защита информации от НСД,DA1 Копирование (чтение) информации; DA2 Перехват информации; DA4 Модификация информации; DA7 Нарушение работоспособности системы
УБИ.105,Угроза отказа в загрузке входных данных неизвестного формата хранилищем больших данных,Внутренний нарушитель с низким потенциалом,S3 Персонал организации,low,0.33,"Хранилище больших данных, метаданные",f,t,t,0.66,ST2 Несанкционированный доступ,"VL2 Устаревшие версии ПО или версии, имеющие уязвимости; VL4 Обход администратором правил и режимов безопасности; VL6 Открытые ОС; VL7 Отсутствие средств защиты ЛВС",AD Системы / настройки администрирования; A Антивирус; DD DDoS-фильтры; DZ Демилитаризованная зона ЛВС; FW Межсетевой экран; HP Honeypot; IDS Система обнаружения вторжений; L Программная защита информации от НСД; R Резервное копирование,DA1 Копирование (чтение) информации; DA4 Модификация информации; DA6 Хищение информации; DA7 Нарушение работоспособности системы
УБИ.106,Угроза отказа в обслуживании системой хранения данных суперкомпьютера,Внутренний нарушитель с низким потенциалом,S3 Персонал организации,low,0.33,Система хранения данных суперкомпьютера,f,f,t,0.33,ST3 DDoS-атаки,VL7 Отсутствие средств защиты ЛВС,DD DDoS-фильтры; DZ Демилитаризованная зона ЛВС; FW Межсетевой экран; HP Honeypot; IDS Система обнаружения вторжений,DA5 Блокирование информации; DA7 Нарушение работоспособности системы
УБИ.107,Угроза отключения контрольных датчиков,Внешний нарушитель с высоким потенциалом; Внутренний нарушитель с низким потенциалом,"S1 Конкуренты; S2 Недобросовестные партнёры; S3 Персонал организации; S4 Хакеры, мошенники",high,1.00,Системное программное обеспечение,f,t,t,0.66,ST4 Перехват трафика,VL6 Открытые ОС; VL7 Отсутствие средств защиты ЛВС,AD Системы / настройки администрирования; DD DDoS-фильтры; DZ Демилитаризованная зона ЛВС; FW Межсетевой экран; HP Honeypot; IDS Система обнаружения вторжений; L Программная защита информации от НСД,DA1 Копирование (чтение) информации; DA2 Перехват информации; DA4 Модификация информации
УБИ.108,Угроза ошибки обновления гипервизора,Внутренний нарушитель с низким потенциалом,S3 Персонал организации,low,0.33,"Системное программное обеспечение, гипервизор",t,t,t,1.00,ST2 Несанкционированный доступ,"VL2 Устаревшие версии ПО или версии, имеющие уязвимости; VL4 Обход администратором правил и режимов безопасности; VL6 Открытые ОС; VL7 Отсутствие средств защиты ЛВС",AD Системы / настройки администрирования; A Антивирус; DD DDoS-фильтры; DZ Демилитаризованная зона ЛВС; FW Межсетевой экран; HP Honeypot; IDS Система обнаружения вторжений; L Программная защита информации от НСД; R Резервное копирование,DA1 Копирование (чтение) информации; DA4 Модификация информации; DA6 Хищение информации; DA7 Нарушение работоспособности системы
УБИ.109,Угроза перебора всех настроек и параметров приложения,Внешний нарушитель со средним потенциалом; Внутренний нарушитель со средним потенциалом,"S1 Конкуренты; S2 Недобросовестные партнёры; S3 Персонал организации; S4 Хакеры, мошенники",medium,0.66,"Системное программное обеспечение, прикладное программное обеспечение, сетевое программное обеспечение, микропрограммное обеспечение, реестр",f,t,t,0.66,ST2 Несанкционированный доступ; ST3 DDoS-атаки,"VL2 Устаревшие версии ПО или версии, имеющие уязвимости; VL4 Обход администратором правил и режимов безопасности; VL6 Открытые ОС; VL7 Отсутствие средств защиты ЛВС",AD Системы / настройки администрирования; A Антивирус; DD DDoS-фильтры; DZ Демилитаризованная зона ЛВС; FW Межсетевой экран; HP Honeypot; IDS Система обнаружения вторжений; L Программная защита информации от НСД; R Резервное копирование,DA1 Копирование (чтение) информации; DA4 Модификация информации; DA5 Блокирование информации; DA6 Хищение информации; DA7 Нарушение работоспособности системы
УБИ.110,Угроза перегрузки грид-системы вычислительными заданиями,Внутренний нарушитель с низким потенциалом,S3 Персонал организации,low,0.33,Ресурсные центры грид-системы,f,f,t,0.33,ST2 Несанкционированный доступ,"VL2 Устаревшие версии ПО или версии, имеющие уязвимости; VL4 Обход администратором правил и режимов безопасности; VL6 Открытые ОС; VL7 Отсутствие средств защиты ЛВС",AD Системы / настройки администрирования; A Антивирус; DD DDoS-фильтры; DZ Демилитаризованная зона ЛВС; FW Межсетевой экран; HP Honeypot; IDS Система обнаружения вторжений; L Программная защита информации от НСД; R Резервное копирование,DA1 Копирование (чтение) информации; DA4 Модификация информации; DA6 Хищение информации; DA7 Нарушение работоспособности системы
УБИ.111,Угроза передачи данных по скрытым каналам,Внешний нарушитель со средним потенциалом; Внутренний нарушитель со средним потенциалом,"S1 Конкуренты; S2 Недобросовестные партнёры; S3 Персонал организации; S4 Хакеры, мошенники",medium,0.66,"Сетевой узел, сетевое программное обеспечение, сетевой трафик",t,f,f,0.33,ST4 Перехват трафика; ST7 Проникновение через сервисы,"VL2 Устаревшие версии ПО или версии, имеющие уязвимости; VL4 Обход администратором правил и режимов безопасности; VL6 Открытые ОС; VL7 Отсутствие средств защиты ЛВС",AD Системы / настройки администрирования; A Антивирус; DD DDoS-фильтры; DZ Демилитаризованная зона ЛВС; FW Межсетевой экран; HP Honeypot; IDS Система обнаружения вторжений; L Программная защита информации от НСД; R Резервное копирование,DA1 Копирование (чтение) информации; DA2 Перехват информации; DA4 Модификация информации; DA5 Блокирование информации; DA7 Нарушение работоспособности системы
УБИ.112,Угроза передачи запрещённых команд на оборудование с числовым программным управлением,Внутренний нарушитель с низким потенциалом,S3 Персонал организации,low,0.33,"Системное программное обеспечение, прикладное программное обеспечение",f,t,f,0.33,ST2 Несанкционированный доступ; ST5 Проникновение во внутреннюю сеть,"VL2 Устаревшие версии ПО или версии, имеющие уязвимости; VL4 Обход администратором правил и режимов безопасности; VL6 Открытые ОС; VL7 Отсутствие средств защиты ЛВС",AD Системы / настройки администрирования; A Антивирус; DD DDoS-фильтры; DZ Демилитаризованная зона ЛВС; FW Межсетевой экран; HP Honeypot; IDS Система обнаружения вторжений; L Программная защита информации от НСД; R Резервное копирование,DA1 Копирование (чтение) информации; DA4 Модификация информации; DA6 Хищение информации; DA7 Нарушение работоспособности системы
УБИ.113,Угроза перезагрузки аппаратных и программно-аппаратных средств вычислительной техники,Внешний нарушитель с низким потенциалом; Внутренний нарушитель с низким потенциалом,"S3 Персонал организации; S4 Хакеры, мошенники",low,0.33,"Системное программное обеспечение, аппаратное обеспечение",f,t,t,0.66,ST2 Несанкционированный доступ,"VL2 Устаревшие версии ПО или версии, имеющие уязвимости; VL4 Обход администратором правил и режимов безопасности; VL6 Открытые ОС; VL7 Отсутствие средств защиты ЛВС",AD Системы / настройки администрирования; A Антивирус; DD DDoS-фильтры; DZ Демилитаризованная зона ЛВС; FW Межсетевой экран; HP Honeypot; IDS Система обнаружения вторжений; L Программная защита информации от НСД; R Резервное копирование,DA1 Копирование (чтение) информации; DA4 Модификация информации; DA6 Хищение информации; DA7 Нарушение работоспособности системы
УБИ.114,Угроза переполнения целочисленных переменных,Внешний нарушитель со средним потенциалом; Внутренний нарушитель со средним потенциалом,"S1 Конкуренты; S2 Недобросовестные партнёры; S3 Персонал организации; S4 Хакеры, мошенники",medium,0.66,"Системное программное обеспечение, прикладное программное обеспечение, сетевое программное обеспечение",t,t,t,1.00,ST2 Несанкционированный доступ,"VL2 Устаревшие версии ПО или версии, имеющие уязвимости; VL4 Обход администратором правил и режимов безопасности; VL6 Открытые ОС; VL7 Отсутствие средств защиты ЛВС",AD Системы / настройки администрирования; A Антивирус; DD DDoS-фильтры; DZ Демилитаризованная зона ЛВС; FW Межсетевой экран; HP Honeypot; IDS Система обнаружения вторжений; L Программная защита информации от НСД; R Резервное копирование,DA1 Копирование (чтение) информации; DA4 Модификация информации; DA6 Хищение информации; DA7 Нарушение работоспособности системы
УБИ.115,Угроза перехвата вводимой и выводимой на периферийные устройства информации,Внешний нарушитель с низким потенциалом; Внутренний нарушитель с низким потенциалом,"S3 Персонал организации; S4 Хакеры, мошенники",low,0.33,"Системное программное обеспечение, прикладное программное обеспечение, аппаратное обеспечение",t,f,f,0.33,ST1 Инсталляция и запуск вирусов; ST2 Несанкционированный доступ; ST4 Перехват трафика,"VL1 Нештатное дополнительное ПО; VL2 Устаревшие версии ПО или версии, имеющие уязвимости; VL3 Допустимость установки недекларируемого ПО; VL4 Обход администратором правил и режимов безопасности; VL5 Носители информации; VL6 Открытые ОС; VL7 Отсутствие средств защиты ЛВС",AD Системы / настройки администрирования; A Антивирус; DD DDoS-фильтры; DS Цифровая подпись; DZ Демилитаризованная зона ЛВС; FW Межсетевой экран; HP Honeypot; IDS Система обнаружения вторжений; L Программная защита информации от НСД; R Резервное копирование,DA1 Копирование (чтение) информации; DA2 Перехват информации; DA3 Уничтожение информации; DA4 Модификация информации; DA5 Блокирование информации; DA6 Хищение информации; DA7 Нарушение работоспособности системы
УБИ.116,"Угроза перехвата данных, передаваемых по вычислительной сети",Внешний нарушитель с низким потенциалом,"S4 Хакеры, мошенники",low,0.33,"Сетевой узел, сетевой трафик",t,f,f,0.33,ST2 Несанкционированный доступ; ST4 Перехват трафика,"VL2 Устаревшие версии ПО или версии, имеющие уязвимости; VL4 Обход администратором правил и режимов безопасности; VL6 Открытые ОС; VL7 Отсутствие средств защиты ЛВС",AD Системы / настройки администрирования; A Антивирус; DD DDoS-фильтры; DZ Демилитаризованная зона ЛВС; FW Межсетевой экран; HP Honeypot; IDS Система обнаружения вторжений; L Программная защита информации от НСД; R Резервное копирование,DA1 Копирование (чтение) информации; DA2 Перехват информации; DA4 Модификация информации; DA6 Хищение информации; DA7 Нарушение работоспособности системы
УБИ.117,Угроза перехвата привилегированного потока,Внешний нарушитель со средним потенциалом; Внутренний нарушитель со средним потенциалом,"S1 Конкуренты; S2 Недобросовестные партнёры; S3 Персонал организации; S4 Хакеры, мошенники",medium,0.66,"Системное программное обеспечение, прикладное программное обеспечение, сетевое программное обеспечение",t,t,t,1.00,ST2 Несанкционированный доступ; ST4 Перехват трафика,"VL2 Устаревшие версии ПО или версии, имеющие уязвимости; VL4 Обход администратором правил и режимов безопасности; VL6 Открытые ОС; VL7 Отсутствие средств защиты ЛВС",AD Системы / настройки администрирования; A Антивирус; DD DDoS-фильтры; DZ Демилитаризованная зона ЛВС; FW Межсетевой экран; HP Honeypot; IDS Система обнаружения вторжений; L Программная защита информации от НСД; R Резервное копирование,DA1 Копирование (чтение) информации; DA2 Перехват информации; DA4 Модификация информации; DA6 Хищение информации; DA7 Нарушение работоспособности системы
УБИ.118,Угроза перехвата привилегированного процесса,Внешний нарушитель со средним потенциалом; Внутренний нарушитель со средним потенциалом,"S1 Конкуренты; S2 Недобросовестные партнёры; S3 Персонал организации; S4 Хакеры, мошенники",medium,0.66,"Системное программное обеспечение, прикладное программное обеспечение, сетевое программное обеспечение",t,t,t,1.00,ST1 Инсталляция и запуск вирусов; ST2 Несанкционированный доступ; ST4 Перехват трафика,"VL1 Нештатное дополнительное ПО; VL2 Устаревшие версии ПО или версии, имеющие уязвимости; VL3 Допустимость установки недекларируемого ПО; VL4 Обход администратором правил и режимов безопасности; VL5 Носители информации; VL6 Открытые ОС; VL7 Отсутствие средств защиты ЛВС",AD Системы / настройки администрирования; A Антивирус; DD DDoS-фильтры; DS Цифровая подпись; DZ Демилитаризованная зона ЛВС; FW Межсетевой экран; HP Honeypot; IDS Система обнаружения вторжений; L Программная защита информации от НСД; R Резервное копирование,DA1 Копирование (чтение) информации; DA2 Перехват информации; DA3 Уничтожение информации; DA4 Модификация информации; DA5 Блокирование информации; DA6 Хищение информации; DA7 Нарушение работоспособности системы
УБИ.119,Угроза перехвата управления гипервизором,Внешний нарушитель со средним потенциалом; Внутренний нарушитель со средним потенциалом,"S1 Конкуренты; S2 Недобросовестные партнёры; S3 Персонал организации; S4 Хакеры, мошенники",medium,0.66,"Системное программное обеспечение, гипервизор, консоль управления гипервизором",t,t,t,1.00,ST2 Несанкционированный доступ; ST4 Перехват трафика; ST7 Проникновение через сервисы,"VL2 Устаревшие версии ПО или версии, имеющие уязвимости; VL4 Обход администратором правил и режимов безопасности; VL6 Открытые ОС; VL7 Отсутствие средств защиты ЛВС",AD Системы / настройки администрирования; A Антивирус; DD DDoS-фильтры; DZ Демилитаризованная зона ЛВС; FW Межсетевой экран; HP Honeypot; IDS Система обнаружения вторжений; L Программная защита информации от НСД; R Резервное копирование,DA1 Копирование (чтение) информации; DA2 Перехват информации; DA4 Модификация информации; DA5 Блокирование информации; DA6 Хищение информации; DA7 Нарушение работоспособности системы
УБИ.120,Угроза перехвата управления средой виртуализации,Внешний нарушитель со средним потенциалом; Внутренний нарушитель со средним потенциалом,"S1 Конкуренты; S2 Недобросовестные партнёры; S3 Персонал организации; S4 Хакеры, мошенники",medium,0.66,"Информационная система, системное программное обеспечение",t,t,t,1.00,ST2 Несанкционированный доступ; ST4 Перехват трафика; ST7 Проникновение через сервисы,"VL2 Устаревшие версии ПО или версии, имеющие уязвимости; VL4 Обход администратором правил и режимов безопасности; VL6 Открытые ОС; VL7 Отсутствие средств защиты ЛВС",AD Системы / настройки администрирования; A Антивирус; DD DDoS-фильтры; DZ Демилитаризованная зона ЛВС; FW Межсетевой экран; HP Honeypot; IDS Система обнаружения вторжений; L Программная защита информации от НСД; R Резервное копирование,DA1 Копирование (чтение) информации; DA2 Перехват информации; DA4 Модификация информации; DA5 Блокирование информации; DA6 Хищение информации; DA7 Нарушение работоспособности системы
УБИ.121,Угроза повреждения системного реестра,Внешний нарушитель с низким потенциалом; Внутренний нарушитель с низким потенциалом,"S3 Персонал организации; S4 Хакеры, мошенники",low,0.33,"Объекты файловой системы, реестр",f,t,t,0.66,ST2 Несанкционированный доступ,"VL2 Устаревшие версии ПО или версии, имеющие уязвимости; VL4 Обход администратором правил и режимов безопасности; VL6 Открытые ОС; VL7 Отсутствие средств защиты ЛВС",AD Системы / настройки администрирования; A Антивирус; DD DDoS-фильтры; DZ Демилитаризованная зона ЛВС; FW Межсетевой экран; HP Honeypot; IDS Система обнаружения вторжений; L Программная защита информации от НСД; R Резервное копирование,DA1 Копирование (чтение) информации; DA4 Модификация информации; DA6 Хищение информации; DA7 Нарушение работоспособности системы
УБИ.122,Угроза повышения привилегий,Внешний нарушитель со средним потенциалом; Внутренний нарушитель со средним потенциалом,"S1 Конкуренты; S2 Недобросовестные партнёры; S3 Персонал организации; S4 Хакеры, мошенники",medium,0.66,"Системное программное обеспечение, сетевое программное обеспечение, информационная система",t,t,t,1.00,ST2 Несанкционированный доступ,"VL2 Устаревшие версии ПО или версии, имеющие уязвимости; VL4 Обход администратором правил и режимов безопасности; VL6 Открытые ОС; VL7 Отсутствие средств защиты ЛВС",AD Системы / настройки администрирования; A Антивирус; DD DDoS-фильтры; DZ Демилитаризованная зона ЛВС; FW Межсетевой экран; HP Honeypot; IDS Система обнаружения вторжений; L Программная защита информации от НСД; R Резервное копирование,DA1 Копирование (чтение) информации; DA4 Модификация информации; DA6 Хищение информации; DA7 Нарушение работоспособности системы
УБИ.123,Угроза подбора пароля BIOS,Внутренний нарушитель с низким потенциалом,S3 Персонал организации,low,0.33,Микропрограммное обеспечение BIOS/UEFI,t,f,t,0.66,ST2 Несанкционированный доступ,"VL2 Устаревшие версии ПО или версии, имеющие уязвимости; VL4 Обход администратором правил и режимов безопасности; VL6 Открытые ОС; VL7 Отсутствие средств защиты ЛВС",AD Системы / настройки администрирования; A Антивирус; DD DDoS-фильтры; DZ Демилитаризованная зона ЛВС; FW Межсетевой экран; HP Honeypot; IDS Система обнаружения вторжений; L Программная защита информации от НСД; R Резервное копирование,DA1 Копирование (чтение) информации; DA4 Модификация информации; DA6 Хищение информации; DA7 Нарушение работоспособности системы
УБИ.124,Угроза подделки записей журнала регистрации событий,Внешний нарушитель с низким потенциалом; Внутренний нарушитель с низким потенциалом,"S3 Персонал организации; S4 Хакеры, мошенники",low,0.33,Системное программное обеспечение,f,t,f,0.33,ST2 Несанкционированный доступ,"VL2 Устаревшие версии ПО или версии, имеющие уязвимости; VL4 Обход администратором правил и режимов безопасности; VL6 Открытые ОС; VL7 Отсутствие средств защиты ЛВС",AD Системы / настройки администрирования; A Антивирус; DD DDoS-фильтры; DZ Демилитаризованная зона ЛВС; FW Межсетевой экран; HP Honeypot; IDS Система обнаружения вторжений; L Программная защита информации от НСД; R Резервное копирование,DA1 Копирование (чтение) информации; DA4 Модификация информации; DA6 Хищение информации; DA7 Нарушение работоспособности системы
УБИ.125,Угроза подключения к беспроводной сети в обход процедуры аутентификации,Внешний нарушитель с низким потенциалом,"S4 Хакеры, мошенники",low,0.33,"Сетевой узел, сетевое программное обеспечение",t,t,t,1.00,ST2 Несанкционированный доступ; ST4 Перехват трафика,"VL2 Устаревшие версии ПО или версии, имеющие уязвимости; VL4 Обход администратором правил и режимов безопасности; VL6 Открытые ОС; VL7 Отсутствие средств защиты ЛВС",AD Системы / настройки администрирования; A Антивирус; DD DDoS-фильтры; DZ Демилитаризованная зона ЛВС; FW Межсетевой экран; HP Honeypot; IDS Система обнаружения вторжений; L Программная защита информации от НСД; R Резервное копирование,DA1 Копирование (чтение) информации; DA2 Перехват информации; DA4 Модификация информации; DA6 Хищение информации; DA7 Нарушение работоспособности системы
УБИ.126,Угроза подмены беспроводного клиента или точки доступа,Внешний нарушитель с низким потенциалом,"S4 Хакеры, мошенники",low,0.33,"Сетевой узел, сетевое программное обеспечение, аппаратное обеспечение, точка беспроводного доступа",t,f,t,0.66,ST2 Несанкционированный доступ,"VL2 Устаревшие версии ПО или версии, имеющие уязвимости; VL4 Обход администратором правил и режимов безопасности; VL6 Открытые ОС; VL7 Отсутствие средств защиты ЛВС",AD Системы / настройки администрирования; A Антивирус; DD DDoS-фильтры; DZ Демилитаризованная зона ЛВС; FW Межсетевой экран; HP Honeypot; IDS Система обнаружения вторжений; L Программная защита информации от НСД; R Резервное копирование,DA1 Копирование (чтение) информации; DA4 Модификация информации; DA6 Хищение информации; DA7 Нарушение работоспособности системы
УБИ.127,Угроза подмены действия пользователя путём обмана,Внешний нарушитель со средним потенциалом,"S1 Конкуренты; S2 Недобросовестные партнёры; S4 Хакеры, мошенники",medium,0.66,"Прикладное программное обеспечение, сетевое программное обеспечение",t,t,t,1.00,ST2 Несанкционированный доступ,"VL2 Устаревшие версии ПО или версии, имеющие уязвимости; VL4 Обход администратором правил и режимов безопасности; VL6 Открытые ОС; VL7 Отсутствие средств защиты ЛВС",AD Системы / настройки администрирования; A Антивирус; DD DDoS-фильтры; DZ Демилитаризованная зона ЛВС; FW Межсетевой экран; HP Honeypot; IDS Система обнаружения вторжений; L Программная защита информации от НСД; R Резервное копирование,DA1 Копирование (чтение) информации; DA4 Модификация информации; DA6 Хищение информации; DA7 Нарушение работоспособности системы
УБИ.128,Угроза подмены доверенного пользователя,Внешний нарушитель с низким потенциалом,"S4 Хакеры, мошенники",low,0.33,"Сетевой узел, сетевое программное обеспечение",t,f,f,0.33,ST2 Несанкционированный доступ,"VL2 Устаревшие версии ПО или версии, имеющие уязвимости; VL4 Обход администратором правил и режимов безопасности; VL6 Открытые ОС; VL7 Отсутствие средств защиты ЛВС",AD Системы / настройки администрирования; A Антивирус; DD DDoS-фильтры; DZ Демилитаризованная зона ЛВС; FW Межсетевой экран; HP Honeypot; IDS Система обнаружения вторжений; L Программная защита информации от НСД; R Резервное копирование,DA1 Копирование (чтение) информации; DA4 Модификация информации; DA6 Хищение информации; DA7 Нарушение работоспособности системы
УБИ.129,Угроза подмены резервной копии программного обеспечения BIOS,Внутренний нарушитель с низким потенциалом,S3 Персонал организации,low,0.33,Микропрограммное и аппаратное обеспечение BIOS/UEFI,f,t,f,0.33,ST1 Инсталляция и запуск вирусов,"VL1 Нештатное дополнительное ПО; VL2 Устаревшие версии ПО или версии, имеющие уязвимости; VL3 Допустимость установки недекларируемого ПО; VL5 Носители информации; VL6 Открытые ОС",AD Системы / настройки администрирования; A Антивирус; DS Цифровая подпись; FW Межсетевой экран; IDS Система обнаружения вторжений; L Программная защита информации от НСД; R Резервное копирование,DA3 Уничтожение информации; DA4 Модификация информации; DA5 Блокирование информации; DA7 Нарушение работоспособности системы
УБИ.130,Угроза подмены содержимого сетевых ресурсов,Внешний нарушитель с низким потенциалом,"S4 Хакеры, мошенники",low,0.33,"Прикладное программное обеспечение, сетевое программное обеспечение, сетевой трафик",t,f,f,0.33,ST2 Несанкционированный доступ; ST4 Перехват трафика; ST7 Проникновение через сервисы,"VL2 Устаревшие версии ПО или версии, имеющие уязвимости; VL4 Обход администратором правил и режимов безопасности; VL6 Открытые ОС; VL7 Отсутствие средств защиты ЛВС",AD Системы / настройки администрирования; A Антивирус; DD DDoS-фильтры; DZ Демилитаризованная зона ЛВС; FW Межсетевой экран; HP Honeypot; IDS Система обнаружения вторжений; L Программная защита информации от НСД; R Резервное копирование,DA1 Копирование (чтение) информации; DA2 Перехват информации; DA4 Модификация информации; DA5 Блокирование информации; DA6 Хищение информации; DA7 Нарушение работоспособности системы
УБИ.131,Угроза подмены субъекта сетевого доступа,Внешний нарушитель со средним потенциалом,"S1 Конкуренты; S2 Недобросовестные партнёры; S4 Хакеры, мошенники",medium,0.66,"Прикладное программное обеспечение, сетевое программное обеспечение, сетевой трафик",t,t,f,0.66,"ST2 Несанкционированный доступ; ST4 Перехват трафика; ST7 Проникновение через сервисы; ST8 Спам, подмена сообщений/отправителя","VL2 Устаревшие версии ПО или версии, имеющие уязвимости; VL3 Допустимость установки недекларируемого ПО; VL4 Обход администратором правил и режимов безопасности; VL6 Открытые ОС; VL7 Отсутствие средств защиты ЛВС",AD Системы / настройки администрирования; A Антивирус; DD DDoS-фильтры; DZ Демилитаризованная зона ЛВС; FW Межсетевой экран; HP Honeypot; IDS Система обнаружения вторжений; L Программная защита информации от НСД; R Резервное копирование,DA1 Копирование (чтение) информации; DA2 Перехват информации; DA4 Модификация информации; DA5 Блокирование информации; DA6 Хищение информации; DA7 Нарушение работоспособности системы
УБИ.132,Угроза получения предварительной информации об объекте защиты,Внешний нарушитель со средним потенциалом,"S1 Конкуренты; S2 Недобросовестные партнёры; S4 Хакеры, мошенники",medium,0.66,"Сетевой узел, сетевое программное обеспечение, сетевой трафик, прикладное программное обеспечение",t,f,f,0.33,ST4 Перехват трафика; ST7 Проникновение через сервисы,"VL2 Устаревшие версии ПО или версии, имеющие уязвимости; VL4 Обход администратором правил и режимов безопасности; VL6 Открытые ОС; VL7 Отсутствие средств защиты ЛВС",AD Системы / настройки администрирования; A Антивирус; DD DDoS-фильтры; DZ Демилитаризованная зона ЛВС; FW Межсетевой экран; HP Honeypot; IDS Система обнаружения вторжений; L Программная защита информации от НСД; R Резервное копирование,DA1 Копирование (чтение) информации; DA2 Перехват информации; DA4 Модификация информации; DA5 Блокирование информации; DA7 Нарушение работоспособности системы
УБИ.133,Угроза получения сведений о владельце беспроводного устройства,Внешний нарушитель с низким потенциалом,"S4 Хакеры, мошенники",low,0.33,"Сетевой узел, метаданные",t,f,f,0.33,ST2 Несанкционированный доступ; ST5 Проникновение во внутреннюю сеть,"VL2 Устаревшие версии ПО или версии, имеющие уязвимости; VL4 Обход администратором правил и режимов безопасности; VL6 Открытые ОС; VL7 Отсутствие средств защиты ЛВС",AD Системы / настройки администрирования; A Антивирус; DD DDoS-фильтры; DZ Демилитаризованная зона ЛВС; FW Межсетевой экран; HP Honeypot; IDS Система обнаружения вторжений; L Программная защита информации от НСД; R Резервное копирование,DA1 Копирование (чтение) информации; DA4 Модификация информации; DA6 Хищение информации; DA7 Нарушение работоспособности системы
УБИ.134,Угроза потери доверия к поставщику облачных услуг,Внутренний нарушитель со средним потенциалом,S3 Персонал организации,medium,0.66,"Объекты файловой системы, информационная система, иммигрированная в облако",t,t,t,1.00,ST2 Несанкционированный доступ,"VL2 Устаревшие версии ПО или версии, имеющие уязвимости; VL4 Обход администратором правил и режимов безопасности; VL6 Открытые ОС; VL7 Отсутствие средств защиты ЛВС",AD Системы / настройки администрирования; A Антивирус; DD DDoS-фильтры; DZ Демилитаризованная зона ЛВС; FW Межсетевой экран; HP Honeypot; IDS Система обнаружения вторжений; L Программная защита информации от НСД; R Резервное копирование,DA1 Копирование (чтение) информации; DA4 Модификация информации; DA6 Хищение информации; DA7 Нарушение работоспособности системы
УБИ.135,"Угроза потери и утечки данных, обрабатываемых в облаке",Внутренний нарушитель с низким потенциалом,S3 Персонал организации,low,0.33,"Системное программное обеспечение, метаданные, объекты файловой системы",t,t,t,1.00,ST2 Несанкционированный доступ,"VL2 Устаревшие версии ПО или версии, имеющие уязвимости; VL4 Обход администратором правил и режимов безопасности; VL6 Открытые ОС; VL7 Отсутствие средств защиты ЛВС",AD Системы / настройки администрирования; A Антивирус; DD DDoS-фильтры; DZ Демилитаризованная зона ЛВС; FW Межсетевой экран; HP Honeypot; IDS Система обнаружения вторжений; L Программная защита информации от НСД; R Резервное копирование,DA1 Копирование (чтение) информации; DA4 Модификация информации; DA6 Хищение информации; DA7 Нарушение работоспособности системы
УБИ.136,Угроза потери информации вследствие несогласованности работы узлов хранилища больших данных,Внутренний нарушитель с низким потенциалом,S3 Персонал организации,low,0.33,"Информационная система, узлы хранилища больших данных",f,t,t,0.66,ST2 Несанкционированный доступ,"VL2 Устаревшие версии ПО или версии, имеющие уязвимости; VL4 Обход администратором правил и режимов безопасности; VL6 Открытые ОС; VL7 Отсутствие средств защиты ЛВС",AD Системы / настройки администрирования; A Антивирус; DD DDoS-фильтры; DZ Демилитаризованная зона ЛВС; FW Межсетевой экран; HP Honeypot; IDS Система обнаружения вторжений; L Программная защита информации от НСД; R Резервное копирование,DA1 Копирование (чтение) информации; DA4 Модификация информации; DA6 Хищение информации; DA7 Нарушение работоспособности системы
УБИ.137,Угроза потери управления облачными ресурсами,Внешний нарушитель с высоким потенциалом,"S1 Конкуренты; S2 Недобросовестные партнёры; S4 Хакеры, мошенники",high,1.00,"Сетевой трафик, объекты файловой системы",t,t,t,1.00,ST4 Перехват трафика,VL6 Открытые ОС; VL7 Отсутствие средств защиты ЛВС,AD Системы / настройки администрирования; DD DDoS-фильтры; DZ Демилитаризованная зона ЛВС; FW Межсетевой экран; HP Honeypot; IDS Система обнаружения вторжений; L Программная защита информации от НСД,DA1 Копирование (чтение) информации; DA2 Перехват информации; DA4 Модификация информации
УБИ.138,Угроза потери управления собственной инфраструктурой при переносе её в облако,Внутренний нарушитель со средним потенциалом,S3 Персонал организации,medium,0.66,"Информационная система, иммигрированная в облако, системное программное обеспечение, прикладное программное обеспечение, сетевое программное обеспечение",t,t,t,1.00,ST2 Несанкционированный доступ,"VL2 Устаревшие версии ПО или версии, имеющие уязвимости; VL4 Обход администратором правил и режимов безопасности; VL6 Открытые ОС; VL7 Отсутствие средств защиты ЛВС",AD Системы / настройки администрирования; A Антивирус; DD DDoS-фильтры; DZ Демилитаризованная зона ЛВС; FW Межсетевой экран; HP Honeypot; IDS Система обнаружения вторжений; L Программная защита информации от НСД; R Резервное копирование,DA1 Копирование (чтение) информации; DA4 Модификация информации; DA6 Хищение информации; DA7 Нарушение работоспособности системы
УБИ.139,Угроза преодоления физической защиты,Внешний нарушитель со средним потенциалом,"S1 Конкуренты; S2 Недобросовестные партнёры; S4 Хакеры, мошенники",medium,0.66,"Сервер, рабочая станция, носитель информации, аппаратное обеспечение",t,t,t,1.00,ST2 Несанкционированный доступ,"VL2 Устаревшие версии ПО или версии, имеющие уязвимости; VL4 Обход администратором правил и режимов безопасности; VL6 Открытые ОС; VL7 Отсутствие средств защиты ЛВС",AD Системы / настройки администрирования; A Антивирус; DD DDoS-фильтры; DZ Демилитаризованная зона ЛВС; FW Межсетевой экран; HP Honeypot; IDS Система обнаружения вторжений; L Программная защита информации от НСД; R Резервное копирование,DA1 Копирование (чтение) информации; DA4 Модификация информации; DA6 Хищение информации; DA7 Нарушение работоспособности системы
УБИ.140,Угроза приведения системы в состояние «отказ в обслуживании»,Внешний нарушитель с низким потенциалом; Внутренний нарушитель с низким потенциалом,"S3 Персонал организации; S4 Хакеры, мошенники",low,0.33,"Информационная система, сетевой узел, системное программное обеспечение, сетевое программное обеспечение, сетевой трафик, телекоммуникационное устройство",f,f,t,0.33,ST3 DDoS-атаки; ST4 Перехват трафика; ST7 Проникновение через сервисы,"VL2 Устаревшие версии ПО или версии, имеющие уязвимости; VL4 Обход администратором правил и режимов безопасности; VL6 Открытые ОС; VL7 Отсутствие средств защиты ЛВС",AD Системы / настройки администрирования; A Антивирус; DD DDoS-фильтры; DZ Демилитаризованная зона ЛВС; FW Межсетевой экран; HP Honeypot; IDS Система обнаружения вторжений; L Программная защита информации от НСД; R Резервное копирование,DA1 Копирование (чтение) информации; DA2 Перехват информации; DA4 Модификация информации; DA5 Блокирование информации; DA7 Нарушение работоспособности системы
УБИ.141,Угроза привязки к поставщику облачных услуг,Внутренний нарушитель с низким потенциалом,S3 Персонал организации,low,0.33,"Информационная система, иммигрированная в облако, системное программное обеспечение, сетевое программное обеспечение, сетевой трафик, объекты файловой системы",f,f,t,0.33,ST4 Перехват трафика,VL6 Открытые ОС; VL7 Отсутствие средств защиты ЛВС,AD Системы / настройки администрирования; DD DDoS-фильтры; DZ Демилитаризованная зона ЛВС; FW Межсетевой экран; HP Honeypot; IDS Система обнаружения вторжений; L Программная защита информации от НСД,DA1 Копирование (чтение) информации; DA2 Перехват информации; DA4 Модификация информации
УБИ.142,Угроза приостановки оказания облачных услуг вследствие технических сбоев,"","S4 Хакеры, мошенники",unknown,0.50,"Системное программное обеспечение, аппаратное обеспечение, канал связи",f,f,t,0.33,ST4 Перехват трафика,VL6 Открытые ОС; VL7 Отсутствие средств защиты ЛВС,AD Системы / настройки администрирования; DD DDoS-фильтры; DZ Демилитаризованная зона ЛВС; FW Межсетевой экран; HP Honeypot; IDS Система обнаружения вторжений; L Программная защита информации от НСД,DA1 Копирование (чтение) информации; DA2 Перехват информации; DA4 Модификация информации
УБИ.143,"Угроза программного выведения из строя средств хранения, обработки и (или) ввода/вывода/передачи информации",Внешний нарушитель со средним потенциалом; Внутренний нарушитель со средним потенциалом,"S1 Конкуренты; S2 Недобросовестные партнёры; S3 Персонал организации; S4 Хакеры, мошенники",medium,0.66,"Носитель информации, микропрограммное обеспечение, аппаратное обеспечение, телекоммуникационное устройство",f,t,t,0.66,ST3 DDoS-атаки,VL7 Отсутствие средств защиты ЛВС,DD DDoS-фильтры; DZ Демилитаризованная зона ЛВС; FW Межсетевой экран; HP Honeypot; IDS Система обнаружения вторжений,DA5 Блокирование информации; DA7 Нарушение работоспособности системы
УБИ.144,Угроза программного сброса пароля BIOS,Внутренний нарушитель с низким потенциалом,S3 Персонал организации,low,0.33,"Микропрограммное обеспечение BIOS/UEFI, системное программное обеспечение",t,t,f,0.66,ST2 Несанкционированный доступ,"VL2 Устаревшие версии ПО или версии, имеющие уязвимости; VL4 Обход администратором правил и режимов безопасности; VL6 Открытые ОС; VL7 Отсутствие средств защиты ЛВС",AD Системы / настройки администрирования; A Антивирус; DD DDoS-фильтры; DZ Демилитаризованная зона ЛВС; FW Межсетевой экран; HP Honeypot; IDS Система обнаружения вторжений; L Программная защита информации от НСД; R Резервное копирование,DA1 Копирование (чтение) информации; DA4 Модификация информации; DA6 Хищение информации; DA7 Нарушение работоспособности системы
УБИ.145,Угроза пропуска проверки целостности программного обеспечения,Внешний нарушитель с низким потенциалом; Внутренний нарушитель с низким потенциалом,"S3 Персонал организации; S4 Хакеры, мошенники",low,0.33,"Системное программное обеспечение, прикладное программное обеспечение, сетевое программное обеспечение",f,t,t,0.66,ST1 Инсталляция и запуск вирусов,"VL1 Нештатное дополнительное ПО; VL2 Устаревшие версии ПО или версии, имеющие уязвимости; VL3 Допустимость установки недекларируемого ПО; VL5 Носители информации; VL6 Открытые ОС",AD Системы / настройки администрирования; A Антивирус; DS Цифровая подпись; FW Межсетевой экран; IDS Система обнаружения вторжений; L Программная защита информации от НСД; R Резервное копирование,DA3 Уничтожение информации; DA4 Модификация информации; DA5 Блокирование информации; DA7 Нарушение работоспособности системы
УБИ.146,Угроза прямого обращения к памяти вычислительного поля суперкомпьютера,Внешний нарушитель со средним потенциалом; Внутренний нарушитель со средним потенциалом,"S1 Конкуренты; S2 Недобросовестные партнёры; S3 Персонал организации; S4 Хакеры, мошенники",medium,0.66,"Вычислительные узлы суперкомпьютера, каналы передачи данных суперкомпьютера, системное программное обеспечение",t,f,f,0.33,ST5 Проникновение во внутреннюю сеть; ST7 Проникновение через сервисы,"VL2 Устаревшие версии ПО или версии, имеющие уязвимости; VL4 Обход администратором правил и режимов безопасности; VL6 Открытые ОС; VL7 Отсутствие средств защиты ЛВС",AD Системы / настройки администрирования; A Антивирус; DD DDoS-фильтры; DZ Демилитаризованная зона ЛВС; FW Межсетевой экран; HP Honeypot; IDS Система обнаружения вторжений; L Программная защита информации от НСД; R Резервное копирование,DA1 Копирование (чтение) информации; DA4 Модификация информации; DA5 Блокирование информации; DA6 Хищение информации; DA7 Нарушение работоспособности системы
УБИ.147,Угроза распространения несанкционированно повышенных прав на всю грид-систему,Внутренний нарушитель со средним потенциалом,S3 Персонал организации,medium,0.66,"Ресурсные центры грид-системы, узлы грид-системы, грид-система, сетевое программное обеспечение",t,t,f,0.66,ST2 Несанкционированный доступ,"VL2 Устаревшие версии ПО или версии, имеющие уязвимости; VL4 Обход администратором правил и режимов безопасности; VL6 Открытые ОС; VL7 Отсутствие средств защиты ЛВС",AD Системы / настройки администрирования; A Антивирус; DD DDoS-фильтры; DZ Демилитаризованная зона ЛВС; FW Межсетевой экран; HP Honeypot; IDS Система обнаружения вторжений; L Программная защита информации от НСД; R Резервное копирование,DA1 Копирование (чтение) информации; DA4 Модификация информации; DA6 Хищение информации; DA7 Нарушение работоспособности системы
УБИ.148,Угроза сбоя автоматического управления системой разграничения доступа хранилища больших данных,"","S4 Хакеры, мошенники",unknown,0.50,"Информационная система, система разграничения доступа хранилища больших данных",t,f,t,0.66,ST2 Несанкционированный доступ,"VL2 Устаревшие версии ПО или версии, имеющие уязвимости; VL4 Обход администратором правил и режимов безопасности; VL6 Открытые ОС; VL7 Отсутствие средств защиты ЛВС",AD Системы / настройки администрирования; A Антивирус; DD DDoS-фильтры; DZ Демилитаризованная зона ЛВС; FW Межсетевой экран; HP Honeypot; IDS Система обнаружения вторжений; L Программная защита информации от НСД; R Резервное копирование,DA1 Копирование (чтение) информации; DA4 Модификация информации; DA6 Хищение информации; DA7 Нарушение работоспособности системы
УБИ.149,Угроза сбоя обработки специальным образом изменённых файлов,Внешний нарушитель со средним потенциалом; Внутренний нарушитель со средним потенциалом,"S1 Конкуренты; S2 Недобросовестные партнёры; S3 Персонал организации; S4 Хакеры, мошенники",medium,0.66,"Метаданные, объекты файловой системы, системное программное обеспечение",t,t,t,1.00,ST4 Перехват трафика,VL6 Открытые ОС; VL7 Отсутствие средств защиты ЛВС,AD Системы / настройки администрирования; DD DDoS-фильтры; DZ Демилитаризованная зона ЛВС; FW Межсетевой экран; HP Honeypot; IDS Система обнаружения вторжений; L Программная защита информации от НСД,DA1 Копирование (чтение) информации; DA2 Перехват информации; DA4 Модификация информации
УБИ.150,Угроза сбоя процесса обновления BIOS,Внутренний нарушитель со средним потенциалом,S3 Персонал организации,medium,0.66,"Микропрограммное и аппаратное обеспечение BIOS/UEFI, каналы связи",f,f,t,0.33,ST4 Перехват трафика,VL6 Открытые ОС; VL7 Отсутствие средств защиты ЛВС,AD Системы / настройки администрирования; DD DDoS-фильтры; DZ Демилитаризованная зона ЛВС; FW Межсетевой экран; HP Honeypot; IDS Система обнаружения вторжений; L Программная защита информации от НСД,DA1 Копирование (чтение) информации; DA2 Перехват информации; DA4 Модификация информации
УБИ.151,"Угроза сканирования веб-сервисов, разработанных на основе языка описания WSDL",Внешний нарушитель с низким потенциалом,"S4 Хакеры, мошенники",low,0.33,"Сетевое программное обеспечение, сетевой узел",t,f,f,0.33,ST6 Внешнее сканирование; ST7 Проникновение через сервисы,"VL2 Устаревшие версии ПО или версии, имеющие уязвимости; VL4 Обход администратором правил и режимов безопасности; VL6 Открытые ОС; VL7 Отсутствие средств защиты ЛВС",AD Системы / настройки администрирования; A Антивирус; DD DDoS-фильтры; DZ Демилитаризованная зона ЛВС; FW Межсетевой экран; HP Honeypot; IDS Система обнаружения вторжений; L Программная защита информации от НСД; R Резервное копирование,DA1 Копирование (чтение) информации; DA4 Модификация информации; DA5 Блокирование информации; DA7 Нарушение работоспособности системы
УБИ.152,Угроза удаления аутентификационной информации,Внешний нарушитель с низким потенциалом; Внутренний нарушитель с низким потенциалом,"S3 Персонал организации; S4 Хакеры, мошенники",low,0.33,"Системное программное обеспечение, микропрограммное обеспечение, учётные данные пользователя",t,t,t,1.00,ST2 Несанкционированный доступ,"VL2 Устаревшие версии ПО или версии, имеющие уязвимости; VL4 Обход администратором правил и режимов безопасности; VL6 Открытые ОС; VL7 Отсутствие средств защиты ЛВС",AD Системы / настройки администрирования; A Антивирус; DD DDoS-фильтры; DZ Демилитаризованная зона ЛВС; FW Межсетевой экран; HP Honeypot; IDS Система обнаружения вторжений; L Программная защита информации от НСД; R Резервное копирование,DA1 Копирование (чтение) информации; DA4 Модификация информации; DA6 Хищение информации; DA7 Нарушение работоспособности системы
УБИ.153,Угроза усиления воздействия на вычислительные ресурсы пользователей при помощи сторонних серверов,Внешний нарушитель с низким потенциалом; Внутренний нарушитель с низким потенциалом,"S3 Персонал организации; S4 Хакеры, мошенники",low,0.33,"Информационная система, сетевой узел, системное программное обеспечение, сетевое программное обеспечение",f,f,t,0.33,ST4 Перехват трафика,VL6 Открытые ОС; VL7 Отсутствие средств защиты ЛВС,AD Системы / настройки администрирования; DD DDoS-фильтры; DZ Демилитаризованная зона ЛВС; FW Межсетевой экран; HP Honeypot; IDS Система обнаружения вторжений; L Программная защита информации от НСД,DA1 Копирование (чтение) информации; DA2 Перехват информации; DA4 Модификация информации
УБИ.154,Угроза установки уязвимых версий обновления программного обеспечения BIOS,Внешний нарушитель со средним потенциалом; Внутренний нарушитель со средним потенциалом,"S1 Конкуренты; S2 Недобросовестные партнёры; S3 Персонал организации; S4 Хакеры, мошенники",medium,0.66,Микропрограммное обеспечение BIOS/UEFI,t,t,t,1.00,ST1 Инсталляция и запуск вирусов; ST3 DDoS-атаки,"VL1 Нештатное дополнительное ПО; VL2 Устаревшие версии ПО или версии, имеющие уязвимости; VL3 Допустимость установки недекларируемого ПО; VL5 Носители информации; VL6 Открытые ОС; VL7 Отсутствие средств защиты ЛВС",AD Системы / настройки администрирования; A Антивирус; DD DDoS-фильтры; DS Цифровая подпись; DZ Демилитаризованная зона ЛВС; FW Межсетевой экран; HP Honeypot; IDS Система обнаружения вторжений; L Программная защита информации от НСД; R Резервное копирование,DA3 Уничтожение информации; DA4 Модификация информации; DA5 Блокирование информации; DA7 Нарушение работоспособности системы
УБИ.155,Угроза утраты вычислительных ресурсов,Внешний нарушитель с низким потенциалом; Внутренний нарушитель с низким потенциалом,"S3 Персонал организации; S4 Хакеры, мошенники",low,0.33,"Информационная система, сетевой узел, носитель информации, системное программное обеспечение, сетевое программное обеспечение, сетевой трафик",f,f,t,0.33,ST1 Инсталляция и запуск вирусов; ST2 Несанкционированный доступ; ST4 Перехват трафика,"VL1 Нештатное дополнительное ПО; VL2 Устаревшие версии ПО или версии, имеющие уязвимости; VL3 Допустимость установки недекларируемого ПО; VL4 Обход администратором правил и режимов безопасности; VL5 Носители информации; VL6 Открытые ОС; VL7 Отсутствие средств защиты ЛВС",AD Системы / настройки администрирования; A Антивирус; DD DDoS-фильтры; DS Цифровая подпись; DZ Демилитаризованная зона ЛВС; FW Межсетевой экран; HP Honeypot; IDS Система обнаружения вторжений; L Программная защита информации от НСД; R Резервное копирование,DA1 Копирование (чтение) информации; DA2 Перехват информации; DA3 Уничтожение информации; DA4 Модификация информации; DA5 Блокирование информации; DA6 Хищение информации; DA7 Нарушение работоспособности системы
УБИ.156,Угроза утраты носителей информации,Внутренний нарушитель с низким потенциалом,S3 Персонал организации,low,0.33,Носитель информации,t,f,t,0.66,ST2 Несанкционированный доступ,"VL2 Устаревшие версии ПО или версии, имеющие уязвимости; VL4 Обход администратором правил и режимов безопасности; VL6 Открытые ОС; VL7 Отсутствие средств защиты ЛВС",AD Системы / настройки администрирования; A Антивирус; DD DDoS-фильтры; DZ Демилитаризованная зона ЛВС; FW Межсетевой экран; HP Honeypot; IDS Система обнаружения вторжений; L Программная защита информации от НСД; R Резервное копирование,DA1 Копирование (чтение) информации; DA4 Модификация информации; DA6 Хищение информации; DA7 Нарушение работоспособности системы
УБИ.157,"Угроза физического выведения из строя средств хранения, обработки и (или) ввода/вывода/передачи информации",Внешний нарушитель с низким потенциалом,"S4 Хакеры, мошенники",low,0.33,"Сервер, рабочая станция, носитель информации, аппаратное обеспечение",f,t,t,0.66,ST2 Несанкционированный доступ,"VL2 Устаревшие версии ПО или версии, имеющие уязвимости; VL4 Обход администратором правил и режимов безопасности; VL6 Открытые ОС; VL7 Отсутствие средств защиты ЛВС",AD Системы / настройки администрирования; A Антивирус; DD DDoS-фильтры; DZ Демилитаризованная зона ЛВС; FW Межсетевой экран; HP Honeypot; IDS Система обнаружения вторжений; L Программная защита информации от НСД; R Резервное копирование,DA1 Копирование (чтение) информации; DA4 Модификация информации; DA6 Хищение информации; DA7 Нарушение работоспособности системы
УБИ.158,Угроза форматирования носителей информации,Внешний нарушитель с низким потенциалом; Внутренний нарушитель с низким потенциалом,"S3 Персонал организации; S4 Хакеры, мошенники",low,0.33,Носитель информации,f,t,t,0.66,ST2 Несанкционированный доступ,"VL2 Устаревшие версии ПО или версии, имеющие уязвимости; VL4 Обход администратором правил и режимов безопасности; VL6 Открытые ОС; VL7 Отсутствие средств защиты ЛВС",AD Системы / настройки администрирования; A Антивирус; DD DDoS-фильтры; DZ Демилитаризованная зона ЛВС; FW Межсетевой экран; HP Honeypot; IDS Система обнаружения вторжений; L Программная защита информации от НСД; R Резервное копирование,DA1 Копирование (чтение) информации; DA4 Модификация информации; DA6 Хищение информации; DA7 Нарушение работоспособности системы
УБИ.159,Угроза «форсированного веб-браузинга»,Внешний нарушитель с низким потенциалом,"S4 Хакеры, мошенники",low,0.33,"Сетевой узел, сетевое программное обеспечение",t,f,f,0.33,ST2 Несанкционированный доступ; ST7 Проникновение через сервисы,"VL2 Устаревшие версии ПО или версии, имеющие уязвимости; VL4 Обход администратором правил и режимов безопасности; VL6 Открытые ОС; VL7 Отсутствие средств защиты ЛВС",AD Системы / настройки администрирования; A Антивирус; DD DDoS-фильтры; DZ Демилитаризованная зона ЛВС; FW Межсетевой экран; HP Honeypot; IDS Система обнаружения вторжений; L Программная защита информации от НСД; R Резервное копирование,DA1 Копирование (чтение) информации; DA4 Модификация информации; DA5 Блокирование информации; DA6 Хищение информации; DA7 Нарушение работоспособности системы
УБИ.160,"Угроза хищения средств хранения, обработки и (или) ввода/вывода/передачи информации",Внешний нарушитель с низким потенциалом,"S4 Хакеры, мошенники",low,0.33,"Сервер, рабочая станция, носитель информации, аппаратное обеспечение",t,f,t,0.66,ST2 Несанкционированный доступ,"VL2 Устаревшие версии ПО или версии, имеющие уязвимости; VL4 Обход администратором правил и режимов безопасности; VL6 Открытые ОС; VL7 Отсутствие средств защиты ЛВС",AD Системы / настройки администрирования; A Антивирус; DD DDoS-фильтры; DZ Демилитаризованная зона ЛВС; FW Межсетевой экран; HP Honeypot; IDS Система обнаружения вторжений; L Программная защита информации от НСД; R Резервное копирование,DA1 Копирование (чтение) информации; DA4 Модификация информации; DA6 Хищение информации; DA7 Нарушение работоспособности системы
УБИ.161,Угроза чрезмерного использования вычислительных ресурсов суперкомпьютера в ходе интенсивного обмена межпроцессорными сообщениями,Внутренний нарушитель с низким потенциалом,S3 Персонал организации,low,0.33,Вычислительные узлы суперкомпьютера,f,f,t,0.33,ST3 DDoS-атаки,VL7 Отсутствие средств защиты ЛВС,DD DDoS-фильтры; DZ Демилитаризованная зона ЛВС; FW Межсетевой экран; HP Honeypot; IDS Система обнаружения вторжений,DA5 Блокирование информации; DA7 Нарушение работоспособности системы
УБИ.162,Угроза эксплуатации цифровой подписи программного кода,Внешний нарушитель с низким потенциалом; Внутренний нарушитель с низким потенциалом,"S3 Персонал организации; S4 Хакеры, мошенники",low,0.33,"Системное программное обеспечение, прикладное программное обеспечение",t,t,t,1.00,ST2 Несанкционированный доступ,"VL2 Устаревшие версии ПО или версии, имеющие уязвимости; VL4 Обход администратором правил и режимов безопасности; VL6 Открытые ОС; VL7 Отсутствие средств защиты ЛВС",AD Системы / настройки администрирования; A Антивирус; DD DDoS-фильтры; DZ Демилитаризованная зона ЛВС; FW Межсетевой экран; HP Honeypot; IDS Система обнаружения вторжений; L Программная защита информации от НСД; R Резервное копирование,DA1 Копирование (чтение) информации; DA4 Модификация информации; DA6 Хищение информации; DA7 Нарушение работоспособности системы
УБИ.163,Угроза перехвата исключения/сигнала из привилегированного блока функций,Внешний нарушитель со средним потенциалом; Внутренний нарушитель со средним потенциалом,"S1 Конкуренты; S2 Недобросовестные партнёры; S3 Персонал организации; S4 Хакеры, мошенники",medium,0.66,Системное программное обеспечение,t,t,t,1.00,ST2 Несанкционированный доступ; ST4 Перехват трафика,"VL2 Устаревшие версии ПО или версии, имеющие уязвимости; VL4 Обход администратором правил и режимов безопасности; VL6 Открытые ОС; VL7 Отсутствие средств защиты ЛВС",AD Системы / настройки администрирования; A Антивирус; DD DDoS-фильтры; DZ Демилитаризованная зона ЛВС; FW Межсетевой экран; HP Honeypot; IDS Система обнаружения вторжений; L Программная защита информации от НСД; R Резервное копирование,DA1 Копирование (чтение) информации; DA2 Перехват информации; DA4 Модификация информации; DA6 Хищение информации; DA7 Нарушение работоспособности системы
УБИ.164,Угроза распространения состояния «отказ в обслуживании» в облачной инфраструктуре,Внешний нарушитель с низким потенциалом; Внутренний нарушитель с низким потенциалом,"S3 Персонал организации; S4 Хакеры, мошенники",low,0.33,"Облачная инфраструктура, созданная с использованием технологий виртуализации",t,t,t,1.00,ST3 DDoS-атаки,VL7 Отсутствие средств защиты ЛВС,DD DDoS-фильтры; DZ Демилитаризованная зона ЛВС; FW Межсетевой экран; HP Honeypot; IDS Система обнаружения вторжений,DA5 Блокирование информации; DA7 Нарушение работоспособности системы
УБИ.165,Угроза включения в проект не достоверно испытанных компонентов,Внутренний нарушитель со средним потенциалом,S3 Персонал организации,medium,0.66,"Программное обеспечение, техническое средство, информационная система, ключевая система информационной инфраструктуры",t,t,t,1.00,ST2 Несанкционированный доступ,"VL2 Устаревшие версии ПО или версии, имеющие уязвимости; VL4 Обход администратором правил и режимов безопасности; VL6 Открытые ОС; VL7 Отсутствие средств защиты ЛВС",AD Системы / настройки администрирования; A Антивирус; DD DDoS-фильтры; DZ Демилитаризованная зона ЛВС; FW Межсетевой экран; HP Honeypot; IDS Система обнаружения вторжений; L Программная защита информации от НСД; R Резервное копирование,DA1 Копирование (чтение) информации; DA4 Модификация информации; DA6 Хищение информации; DA7 Нарушение работоспособности системы
УБИ.166,Угроза внедрения системной избыточности,Внутренний нарушитель со средним потенциалом,S3 Персонал организации,medium,0.66,"Программное обеспечение, информационная система, ключевая система информационной инфраструктуры",f,f,t,0.33,ST2 Несанкционированный доступ,"VL2 Устаревшие версии ПО или версии, имеющие уязвимости; VL4 Обход администратором правил и режимов безопасности; VL6 Открытые ОС; VL7 Отсутствие средств защиты ЛВС",AD Системы / настройки администрирования; A Антивирус; DD DDoS-фильтры; DZ Демилитаризованная зона ЛВС; FW Межсетевой экран; HP Honeypot; IDS Система обнаружения вторжений; L Программная защита информации от НСД; R Резервное копирование,DA1 Копирование (чтение) информации; DA4 Модификация информации; DA6 Хищение информации; DA7 Нарушение работоспособности системы
УБИ.167,Угроза заражения компьютера при посещении неблагонадёжных сайтов,Внутренний нарушитель с низким потенциалом,S3 Персонал организации,low,0.33,"Сетевой узел, сетевое программное обеспечение",t,t,t,1.00,ST1 Инсталляция и запуск вирусов; ST2 Несанкционированный доступ; ST4 Перехват трафика,"VL1 Нештатное дополнительное ПО; VL2 Устаревшие версии ПО или версии, имеющие уязвимости; VL3 Допустимость установки недекларируемого ПО; VL4 Обход администратором правил и режимов безопасности; VL5 Носители информации; VL6 Открытые ОС; VL7 Отсутствие средств защиты ЛВС",AD Системы / настройки администрирования; A Антивирус; DD DDoS-фильтры; DS Цифровая подпись; DZ Демилитаризованная зона ЛВС; FW Межсетевой экран; HP Honeypot; IDS Система обнаружения вторжений; L Программная защита информации от НСД; R Резервное копирование,DA1 Копирование (чтение) информации; DA2 Перехват информации; DA3 Уничтожение информации; DA4 Модификация информации; DA5 Блокирование информации; DA6 Хищение информации; DA7 Нарушение работоспособности системы
УБИ.168,Угроза «кражи» учётной записи доступа к сетевым сервисам,Внешний нарушитель с низким потенциалом,"S4 Хакеры, мошенники",low,0.33,Сетевое программное обеспечение,t,f,t,0.66,"ST2 Несанкционированный доступ; ST7 Проникновение через сервисы; ST8 Спам, подмена сообщений/отправителя","VL2 Устаревшие версии ПО или версии, имеющие уязвимости; VL3 Допустимость установки недекларируемого ПО; VL4 Обход администратором правил и режимов безопасности; VL6 Открытые ОС; VL7 Отсутствие средств защиты ЛВС",AD Системы / настройки администрирования; A Антивирус; DD DDoS-фильтры; DZ Демилитаризованная зона ЛВС; FW Межсетевой экран; HP Honeypot; IDS Система обнаружения вторжений; L Программная защита информации от НСД; R Резервное копирование,DA1 Копирование (чтение) информации; DA4 Модификация информации; DA5 Блокирование информации; DA6 Хищение информации; DA7 Нарушение работоспособности системы
УБИ.169,Угроза наличия механизмов разработчика,Внутренний нарушитель со средним потенциалом,S3 Персонал организации,medium,0.66,"Программное обеспечение, техническое средство",t,t,t,1.00,ST4 Перехват трафика,VL6 Открытые ОС; VL7 Отсутствие средств защиты ЛВС,AD Системы / настройки администрирования; DD DDoS-фильтры; DZ Демилитаризованная зона ЛВС; FW Межсетевой экран; HP Honeypot; IDS Система обнаружения вторжений; L Программная защита информации от НСД,DA1 Копирование (чтение) информации; DA2 Перехват информации; DA4 Модификация информации
УБИ.170,Угроза неправомерного шифрования информации,Внешний нарушитель с низким потенциалом,"S4 Хакеры, мошенники",low,0.33,Объект файловой системы,f,f,t,0.33,ST1 Инсталляция и запуск вирусов; ST2 Несанкционированный доступ,"VL1 Нештатное дополнительное ПО; VL2 Устаревшие версии ПО или версии, имеющие уязвимости; VL3 Допустимость установки недекларируемого ПО; VL4 Обход администратором правил и режимов безопасности; VL5 Носители информации; VL6 Открытые ОС; VL7 Отсутствие средств защиты ЛВС",AD Системы / настройки администрирования; A Антивирус; DD DDoS-фильтры; DS Цифровая подпись; DZ Демилитаризованная зона ЛВС; FW Межсетевой экран; HP Honeypot; IDS Система обнаружения вторжений; L Программная защита информации от НСД; R Резервное копирование,DA1 Копирование (чтение) информации; DA3 Уничтожение информации; DA4 Модификация информации; DA5 Блокирование информации; DA6 Хищение информации; DA7 Нарушение работоспособности системы
УБИ.171,Угроза скрытного включения вычислительного устройства в состав бот-сети,Внешний нарушитель с низким потенциалом,"S4 Хакеры, мошенники",low,0.33,"Сетевой узел, сетевое программное обеспечение",f,f,t,0.33,"ST1 Инсталляция и запуск вирусов; ST3 DDoS-атаки; ST8 Спам, подмена сообщений/отправителя","VL1 Нештатное дополнительное ПО; VL2 Устаревшие версии ПО или версии, имеющие уязвимости; VL3 Допустимость установки недекларируемого ПО; VL4 Обход администратором правил и режимов безопасности; VL5 Носители информации; VL6 Открытые ОС; VL7 Отсутствие средств защиты ЛВС",AD Системы / настройки администрирования; A Антивирус; DD DDoS-фильтры; DS Цифровая подпись; DZ Демилитаризованная зона ЛВС; FW Межсетевой экран; HP Honeypot; IDS Система обнаружения вторжений; L Программная защита информации от НСД; R Резервное копирование,DA1 Копирование (чтение) информации; DA3 Уничтожение информации; DA4 Модификация информации; DA5 Блокирование информации; DA6 Хищение информации; DA7 Нарушение работоспособности системы
УБИ.172,Угроза распространения «почтовых червей»,Внешний нарушитель с низким потенциалом,"S4 Хакеры, мошенники",low,0.33,Сетевое программное обеспечение,t,t,t,1.00,"ST1 Инсталляция и запуск вирусов; ST8 Спам, подмена сообщений/отправителя","VL1 Нештатное дополнительное ПО; VL2 Устаревшие версии ПО или версии, имеющие уязвимости; VL3 Допустимость установки недекларируемого ПО; VL4 Обход администратором правил и режимов безопасности; VL5 Носители информации; VL6 Открытые ОС",AD Системы / настройки администрирования; A Антивирус; DS Цифровая подпись; FW Межсетевой экран; IDS Система обнаружения вторжений; L Программная защита информации от НСД; R Резервное копирование,DA1 Копирование (чтение) информации; DA3 Уничтожение информации; DA4 Модификация информации; DA5 Блокирование информации; DA6 Хищение информации; DA7 Нарушение работоспособности системы
УБИ.173,Угроза «спама» веб-сервера,Внешний нарушитель с низким потенциалом,"S4 Хакеры, мошенники",low,0.33,Сетевое программное обеспечение,f,f,t,0.33,"ST7 Проникновение через сервисы; ST8 Спам, подмена сообщений/отправителя","VL2 Устаревшие версии ПО или версии, имеющие уязвимости; VL3 Допустимость установки недекларируемого ПО; VL4 Обход администратором правил и режимов безопасности; VL6 Открытые ОС; VL7 Отсутствие средств защиты ЛВС",AD Системы / настройки администрирования; A Антивирус; DD DDoS-фильтры; DZ Демилитаризованная зона ЛВС; FW Межсетевой экран; HP Honeypot; IDS Система обнаружения вторжений; L Программная защита информации от НСД; R Резервное копирование,DA1 Копирование (чтение) информации; DA4 Модификация информации; DA5 Блокирование информации; DA6 Хищение информации; DA7 Нарушение работоспособности системы
УБИ.174,Угроза «фарминга»,Внешний нарушитель с низким потенциалом,"S4 Хакеры, мошенники",low,0.33,"Рабочая станция, сетевое программное обеспечение, сетевой трафик",t,f,f,0.33,ST2 Несанкционированный доступ; ST4 Перехват трафика,"VL2 Устаревшие версии ПО или версии, имеющие уязвимости; VL4 Обход администратором правил и режимов безопасности; VL6 Открытые ОС; VL7 Отсутствие средств защиты ЛВС",AD Системы / настройки администрирования; A Антивирус; DD DDoS-фильтры; DZ Демилитаризованная зона ЛВС; FW Межсетевой экран; HP Honeypot; IDS Система обнаружения вторжений; L Программная защита информации от НСД; R Резервное копирование,DA1 Копирование (чтение) информации; DA2 Перехват информации; DA4 Модификация информации; DA6 Хищение информации; DA7 Нарушение работоспособности системы
УБИ.175,Угроза «фишинга»,Внешний нарушитель с низким потенциалом,"S4 Хакеры, мошенники",low,0.33,"Рабочая станция, сетевое программное обеспечение, сетевой трафик",t,f,f,0.33,"ST2 Несанкционированный доступ; ST4 Перехват трафика; ST8 Спам, подмена сообщений/отправителя","VL2 Устаревшие версии ПО или версии, имеющие уязвимости; VL3 Допустимость установки недекларируемого ПО; VL4 Обход администратором правил и режимов безопасности; VL6 Открытые ОС; VL7 Отсутствие средств защиты ЛВС",AD Системы / настройки администрирования; A Антивирус; DD DDoS-фильтры; DZ Демилитаризованная зона ЛВС; FW Межсетевой экран; HP Honeypot; IDS Система обнаружения вторжений; L Программная защита информации от НСД; R Резервное копирование,DA1 Копирование (чтение) информации; DA2 Перехват информации; DA4 Модификация информации; DA6 Хищение информации; DA7 Нарушение работоспособности системы
УБИ.176,"Угроза нарушения технологического/производственного процесса из-за временны́х задержек, вносимых средством защиты",Внешний нарушитель с низким потенциалом,"S4 Хакеры, мошенники",low,0.33,Средство защиты информации,f,f,t,0.33,ST3 DDoS-атаки,VL7 Отсутствие средств защиты ЛВС,DD DDoS-фильтры; DZ Демилитаризованная зона ЛВС; FW Межсетевой экран; HP Honeypot; IDS Система обнаружения вторжений,DA5 Блокирование информации; DA7 Нарушение работоспособности системы
УБИ.177,"Угроза неподтверждённого ввода данных оператором в систему, связанную с безопасностью",Внутренний нарушитель с низким потенциалом,S3 Персонал организации,low,0.33,"Системное программное обеспечение, сетевое программное обеспечение, прикладное программное обеспечение, аппаратное обеспечение",f,t,t,0.66,ST2 Несанкционированный доступ,"VL2 Устаревшие версии ПО или версии, имеющие уязвимости; VL4 Обход администратором правил и режимов безопасности; VL6 Открытые ОС; VL7 Отсутствие средств защиты ЛВС",AD Системы / настройки администрирования; A Антивирус; DD DDoS-фильтры; DZ Демилитаризованная зона ЛВС; FW Межсетевой экран; HP Honeypot; IDS Система обнаружения вторжений; L Программная защита информации от НСД; R Резервное копирование,DA1 Копирование (чтение) информации; DA4 Модификация информации; DA6 Хищение информации; DA7 Нарушение работоспособности системы
УБИ.178,Угроза несанкционированного использования системных и сетевых утилит,Внешний нарушитель с низким потенциалом; Внутренний нарушитель с низким потенциалом,"S3 Персонал организации; S4 Хакеры, мошенники",low,0.33,Системное программное обеспечение,t,t,t,1.00,ST1 Инсталляция и запуск вирусов; ST2 Несанкционированный доступ,"VL1 Нештатное дополнительное ПО; VL2 Устаревшие версии ПО или версии, имеющие уязвимости; VL3 Допустимость установки недекларируемого ПО; VL4 Обход администратором правил и режимов безопасности; VL5 Носители информации; VL6 Открытые ОС; VL7 Отсутствие средств защиты ЛВС",AD Системы / настройки администрирования; A Антивирус; DD DDoS-фильтры; DS Цифровая подпись; DZ Демилитаризованная зона ЛВС; FW Межсетевой экран; HP Honeypot; IDS Система обнаружения вторжений; L Программная защита информации от НСД; R Резервное копирование,DA1 Копирование (чтение) информации; DA3 Уничтожение информации; DA4 Модификация информации; DA5 Блокирование информации; DA6 Хищение информации; DA7 Нарушение работоспособности системы
УБИ.179,Угроза несанкционированной модификации защищаемой информации,Внешний нарушитель с низким потенциалом; Внутренний нарушитель с низким потенциалом,"S3 Персонал организации; S4 Хакеры, мошенники",low,0.33,Объекты файловой системы,f,t,f,0.33,ST2 Несанкционированный доступ,"VL2 Устаревшие версии ПО или версии, имеющие уязвимости; VL4 Обход администратором правил и режимов безопасности; VL6 Открытые ОС; VL7 Отсутствие средств защиты ЛВС",AD Системы / настройки администрирования; A Антивирус; DD DDoS-фильтры; DZ Демилитаризованная зона ЛВС; FW Межсетевой экран; HP Honeypot; IDS Система обнаружения вторжений; L Программная защита информации от НСД; R Резервное копирование,DA1 Копирование (чтение) информации; DA4 Модификация информации; DA6 Хищение информации; DA7 Нарушение работоспособности системы
УБИ.180,Угроза отказа подсистемы обеспечения температурного режима,Внутренний нарушитель с низким потенциалом; Внешний нарушитель со средним потенциалом,"S1 Конкуренты; S2 Недобросовестные партнёры; S3 Персонал организации; S4 Хакеры, мошенники",medium,0.66,"Технические средства воздушного кондиционирования, включая трубопроводные системы для циркуляции охлаждённого воздуха в ЦОД, программируемые логические контроллеры, распределённые системы контроля, управленческие системы и другие программные средства контроля",f,f,t,0.33,ST2 Несанкционированный доступ,"VL2 Устаревшие версии ПО или версии, имеющие уязвимости; VL4 Обход администратором правил и режимов безопасности; VL6 Открытые ОС; VL7 Отсутствие средств защиты ЛВС",AD Системы / настройки администрирования; A Антивирус; DD DDoS-фильтры; DZ Демилитаризованная зона ЛВС; FW Межсетевой экран; HP Honeypot; IDS Система обнаружения вторжений; L Программная защита информации от НСД; R Резервное копирование,DA1 Копирование (чтение) информации; DA4 Модификация информации; DA6 Хищение информации; DA7 Нарушение работоспособности системы
УБИ.181,Угроза перехвата одноразовых паролей в режиме реального времени,Внешний нарушитель со средним потенциалом,"S1 Конкуренты; S2 Недобросовестные партнёры; S4 Хакеры, мошенники",medium,0.66,Сетевое программное обеспечение,f,t,f,0.33,ST2 Несанкционированный доступ; ST4 Перехват трафика,"VL2 Устаревшие версии ПО или версии, имеющие уязвимости; VL4 Обход администратором правил и режимов безопасности; VL6 Открытые ОС; VL7 Отсутствие средств защиты ЛВС",AD Системы / настройки администрирования; A Антивирус; DD DDoS-фильтры; DZ Демилитаризованная зона ЛВС; FW Межсетевой экран; HP Honeypot; IDS Система обнаружения вторжений; L Программная защита информации от НСД; R Резервное копирование,DA1 Копирование (чтение) информации; DA2 Перехват информации; DA4 Модификация информации; DA6 Хищение информации; DA7 Нарушение работоспособности системы
УБИ.182,Угроза физического устаревания аппаратных компонентов,Внутренний нарушитель с низким потенциалом,S3 Персонал организации,low,0.33,Аппаратное средство,f,f,t,0.33,ST2 Несанкционированный доступ,"VL2 Устаревшие версии ПО или версии, имеющие уязвимости; VL4 Обход администратором правил и режимов безопасности; VL6 Открытые ОС; VL7 Отсутствие средств защиты ЛВС",AD Системы / настройки администрирования; A Антивирус; DD DDoS-фильтры; DZ Демилитаризованная зона ЛВС; FW Межсетевой экран; HP Honeypot; IDS Система обнаружения вторжений; L Программная защита информации от НСД; R Резервное копирование,DA1 Копирование (чтение) информации; DA4 Модификация информации; DA6 Хищение информации; DA7 Нарушение работоспособности системы
УБИ.183,Угроза перехвата управления автоматизированной системой управления технологическими процессами,Внешний нарушитель с высоким потенциалом; Внутренний нарушитель со средним потенциалом,"S1 Конкуренты; S2 Недобросовестные партнёры; S3 Персонал организации; S4 Хакеры, мошенники",high,1.00,Программное обеспечение автоматизированной системы управления технологическими процессами,f,t,t,0.66,ST1 Инсталляция и запуск вирусов; ST2 Несанкционированный доступ; ST4 Перехват трафика; ST7 Проникновение через сервисы,"VL1 Нештатное дополнительное ПО; VL2 Устаревшие версии ПО или версии, имеющие уязвимости; VL3 Допустимость установки недекларируемого ПО; VL4 Обход администратором правил и режимов безопасности; VL5 Носители информации; VL6 Открытые ОС; VL7 Отсутствие средств защиты ЛВС",AD Системы / настройки администрирования; A Антивирус; DD DDoS-фильтры; DS Цифровая подпись; DZ Демилитаризованная зона ЛВС; FW Межсетевой экран; HP Honeypot; IDS Система обнаружения вторжений; L Программная защита информации от НСД; R Резервное копирование,DA1 Копирование (чтение) информации; DA2 Перехват информации; DA3 Уничтожение информации; DA4 Модификация информации; DA5 Блокирование информации; DA6 Хищение информации; DA7 Нарушение работоспособности системы
УБИ.184,"Угроза агрегирования данных, обрабатываемых с помощью мобильного устройства",Внутренний нарушитель со средним потенциалом,S3 Персонал организации,medium,0.66,Мобильное устройство,t,f,f,0.33,ST2 Несанкционированный доступ,"VL2 Устаревшие версии ПО или версии, имеющие уязвимости; VL4 Обход администратором правил и режимов безопасности; VL6 Открытые ОС; VL7 Отсутствие средств защиты ЛВС",AD Системы / настройки администрирования; A Антивирус; DD DDoS-фильтры; DZ Демилитаризованная зона ЛВС; FW Межсетевой экран; HP Honeypot; IDS Система обнаружения вторжений; L Программная защита информации от НСД; R Резервное копирование,DA1 Копирование (чтение) информации; DA4 Модификация информации; DA6 Хищение информации; DA7 Нарушение работоспособности системы
УБИ.185,Угроза несанкционированного изменения параметров настройки средств защиты информации,Внешний нарушитель с низким потенциалом; Внутренний нарушитель с низким потенциалом,"S3 Персонал организации; S4 Хакеры, мошенники",low,0.33,Средство защиты информации,t,t,t,1.00,ST2 Несанкционированный доступ,"VL2 Устаревшие версии ПО или версии, имеющие уязвимости; VL4 Обход администратором правил и режимов безопасности; VL6 Открытые ОС; VL7 Отсутствие средств защиты ЛВС",AD Системы / настройки администрирования; A Антивирус; DD DDoS-фильтры; DZ Демилитаризованная зона ЛВС; FW Межсетевой экран; HP Honeypot; IDS Система обнаружения вторжений; L Программная защита информации от НСД; R Резервное копирование,DA1 Копирование (чтение) информации; DA4 Модификация информации; DA6 Хищение информации; DA7 Нарушение работоспособности системы
УБИ.186,"Угроза внедрения вредоносного кода через рекламу, сервисы и контент",Внутренний нарушитель с низким потенциалом,S3 Персонал организации,low,0.33,Сетевое программное обеспечение,f,t,t,0.66,ST1 Инсталляция и запуск вирусов; ST4 Перехват трафика; ST7 Проникновение через сервисы,"VL1 Нештатное дополнительное ПО; VL2 Устаревшие версии ПО или версии, имеющие уязвимости; VL3 Допустимость установки недекларируемого ПО; VL4 Обход администратором правил и режимов безопасности; VL5 Носители информации; VL6 Открытые ОС; VL7 Отсутствие средств защиты ЛВС",AD Системы / настройки администрирования; A Антивирус; DD DDoS-фильтры; DS Цифровая подпись; DZ Демилитаризованная зона ЛВС; FW Межсетевой экран; HP Honeypot; IDS Система обнаружения вторжений; L Программная защита информации от НСД; R Резервное копирование,DA1 Копирование (чтение) информации; DA2 Перехват информации; DA3 Уничтожение информации; DA4 Модификация информации; DA5 Блокирование информации; DA7 Нарушение работоспособности системы
УБИ.187,Угроза несанкционированного воздействия на средство защиты информации,Внешний нарушитель со средним потенциалом; Внутренний нарушитель со средним потенциалом,"S1 Конкуренты; S2 Недобросовестные партнёры; S3 Персонал организации; S4 Хакеры, мошенники",medium,0.66,Средство защиты информации,t,t,t,1.00,ST2 Несанкционированный доступ,"VL2 Устаревшие версии ПО или версии, имеющие уязвимости; VL4 Обход администратором правил и режимов безопасности; VL6 Открытые ОС; VL7 Отсутствие средств защиты ЛВС",AD Системы / настройки администрирования; A Антивирус; DD DDoS-фильтры; DZ Демилитаризованная зона ЛВС; FW Межсетевой экран; HP Honeypot; IDS Система обнаружения вторжений; L Программная защита информации от НСД; R Резервное копирование,DA1 Копирование (чтение) информации; DA4 Модификация информации; DA6 Хищение информации; DA7 Нарушение работоспособности системы
УБИ.188,Угроза подмены программного обеспечения,Внутренний нарушитель со средним потенциалом,S3 Персонал организации,medium,0.66,"Прикладное программное обеспечение, сетевое программное обеспечение, системное программное обеспечение",t,t,t,1.00,ST1 Инсталляция и запуск вирусов,"VL1 Нештатное дополнительное ПО; VL2 Устаревшие версии ПО или версии, имеющие уязвимости; VL3 Допустимость установки недекларируемого ПО; VL5 Носители информации; VL6 Открытые ОС",AD Системы / настройки администрирования; A Антивирус; DS Цифровая подпись; FW Межсетевой экран; IDS Система обнаружения вторжений; L Программная защита информации от НСД; R Резервное копирование,DA3 Уничтожение информации; DA4 Модификация информации; DA5 Блокирование информации; DA7 Нарушение работоспособности системы
УБИ.189,Угроза маскирования действий вредоносного кода,Внешний нарушитель со средним потенциалом,"S1 Конкуренты; S2 Недобросовестные партнёры; S4 Хакеры, мошенники",medium,0.66,"Системное программное обеспечение, сетевое программное обеспечение",f,t,t,0.66,ST1 Инсталляция и запуск вирусов,"VL1 Нештатное дополнительное ПО; VL2 Устаревшие версии ПО или версии, имеющие уязвимости; VL3 Допустимость установки недекларируемого ПО; VL5 Носители информации; VL6 Открытые ОС",AD Системы / настройки администрирования; A Антивирус; DS Цифровая подпись; FW Межсетевой экран; IDS Система обнаружения вторжений; L Программная защита информации от НСД; R Резервное копирование,DA3 Уничтожение информации; DA4 Модификация информации; DA5 Блокирование информации; DA7 Нарушение работоспособности системы
УБИ.190,Угроза внедрения вредоносного кода за счет посещения зараженных сайтов в сети Интернет,Внешний нарушитель со средним потенциалом,"S1 Конкуренты; S2 Недобросовестные партнёры; S4 Хакеры, мошенники",medium,0.66,Сетевое программное обеспечение,t,t,t,1.00,ST1 Инсталляция и запуск вирусов,"VL1 Нештатное дополнительное ПО; VL2 Устаревшие версии ПО или версии, имеющие уязвимости; VL3 Допустимость установки недекларируемого ПО; VL5 Носители информации; VL6 Открытые ОС",AD Системы / настройки администрирования; A Антивирус; DS Цифровая подпись; FW Межсетевой экран; IDS Система обнаружения вторжений; L Программная защита информации от НСД; R Резервное копирование,DA3 Уничтожение информации; DA4 Модификация информации; DA5 Блокирование информации; DA7 Нарушение работоспособности системы
УБИ.191,Угроза внедрения вредоносного кода в дистрибутив программного обеспечения,Внешний нарушитель с низким потенциалом; Внутренний нарушитель с низким потенциалом,"S3 Персонал организации; S4 Хакеры, мошенники",low,0.33,"Прикладное программное обеспечение, сетевое программное обеспечение, системное программное обеспечение",t,t,t,1.00,ST1 Инсталляция и запуск вирусов,"VL1 Нештатное дополнительное ПО; VL2 Устаревшие версии ПО или версии, имеющие уязвимости; VL3 Допустимость установки недекларируемого ПО; VL5 Носители информации; VL6 Открытые ОС",AD Системы / настройки администрирования; A Антивирус; DS Цифровая подпись; FW Межсетевой экран; IDS Система обнаружения вторжений; L Программная защита информации от НСД; R Резервное копирование,DA3 Уничтожение информации; DA4 Модификация информации; DA5 Блокирование информации; DA7 Нарушение работоспособности системы
УБИ.192,Угроза использования уязвимых версий программного обеспечения,Внешний нарушитель с низким потенциалом; Внутренний нарушитель с низким потенциалом,"S3 Персонал организации; S4 Хакеры, мошенники",low,0.33,"Прикладное программное обеспечение, сетевое программное обеспечение, системное программное обеспечение",t,t,t,1.00,ST7 Проникновение через сервисы,"VL2 Устаревшие версии ПО или версии, имеющие уязвимости; VL4 Обход администратором правил и режимов безопасности; VL6 Открытые ОС; VL7 Отсутствие средств защиты ЛВС",AD Системы / настройки администрирования; A Антивирус; DD DDoS-фильтры; DZ Демилитаризованная зона ЛВС; FW Межсетевой экран; HP Honeypot; IDS Система обнаружения вторжений; L Программная защита информации от НСД; R Резервное копирование,DA1 Копирование (чтение) информации; DA4 Модификация информации; DA5 Блокирование информации; DA7 Нарушение работоспособности системы
УБИ.193,Угроза утечки информации за счет применения вредоносным программным обеспечением алгоритмов шифрования трафика,Внешний нарушитель со средним потенциалом,"S1 Конкуренты; S2 Недобросовестные партнёры; S4 Хакеры, мошенники",medium,0.66,"Информационные ресурсы, объекты файловой системы",t,f,f,0.33,ST1 Инсталляция и запуск вирусов; ST4 Перехват трафика,"VL1 Нештатное дополнительное ПО; VL2 Устаревшие версии ПО или версии, имеющие уязвимости; VL3 Допустимость установки недекларируемого ПО; VL5 Носители информации; VL6 Открытые ОС; VL7 Отсутствие средств защиты ЛВС",AD Системы / настройки администрирования; A Антивирус; DD DDoS-фильтры; DS Цифровая подпись; DZ Демилитаризованная зона ЛВС; FW Межсетевой экран; HP Honeypot; IDS Система обнаружения вторжений; L Программная защита информации от НСД; R Резервное копирование,DA1 Копирование (чтение) информации; DA2 Перехват информации; DA3 Уничтожение информации; DA4 Модификация информации; DA5 Блокирование информации; DA7 Нарушение работоспособности системы
УБИ.194,Угроза несанкционированного использования привилегированных функций мобильного устройства,Внешний нарушитель с высоким потенциалом,"S1 Конкуренты; S2 Недобросовестные партнёры; S4 Хакеры, мошенники",high,1.00,Мобильное устройство,t,t,t,1.00,ST2 Несанкционированный доступ,"VL2 Устаревшие версии ПО или версии, имеющие уязвимости; VL4 Обход администратором правил и режимов безопасности; VL6 Открытые ОС; VL7 Отсутствие средств защиты ЛВС",AD Системы / настройки администрирования; A Антивирус; DD DDoS-фильтры; DZ Демилитаризованная зона ЛВС; FW Межсетевой экран; HP Honeypot; IDS Система обнаружения вторжений; L Программная защита информации от НСД; R Резервное копирование,DA1 Копирование (чтение) информации; DA4 Модификация информации; DA6 Хищение информации; DA7 Нарушение работоспособности системы
УБИ.195,Угроза удаленного запуска вредоносного кода в обход механизмов защиты операционной системы,Внешний нарушитель с высоким потенциалом,"S1 Конкуренты; S2 Недобросовестные партнёры; S4 Хакеры, мошенники",high,1.00,Стационарные и мобильные устройства (компьютеры и ноутбуки) (аппаратное устройство),f,t,f,0.33,ST1 Инсталляция и запуск вирусов; ST7 Проникновение через сервисы,"VL1 Нештатное дополнительное ПО; VL2 Устаревшие версии ПО или версии, имеющие уязвимости; VL3 Допустимость установки недекларируемого ПО; VL4 Обход администратором правил и режимов безопасности; VL5 Носители информации; VL6 Открытые ОС; VL7 Отсутствие средств защиты ЛВС",AD Системы / настройки администрирования; A Антивирус; DD DDoS-фильтры; DS Цифровая подпись; DZ Демилитаризованная зона ЛВС; FW Межсетевой экран; HP Honeypot; IDS Система обнаружения вторжений; L Программная защита информации от НСД; R Резервное копирование,DA1 Копирование (чтение) информации; DA3 Уничтожение информации; DA4 Модификация информации; DA5 Блокирование информации; DA7 Нарушение работоспособности системы
УБИ.196,"Угроза контроля вредоносной программой списка приложений, запущенных на мобильном устройстве",Внешний нарушитель с высоким потенциалом,"S1 Конкуренты; S2 Недобросовестные партнёры; S4 Хакеры, мошенники",high,1.00,Мобильное устройство (аппаратное устройство),f,t,t,0.66,ST1 Инсталляция и запуск вирусов,"VL1 Нештатное дополнительное ПО; VL2 Устаревшие версии ПО или версии, имеющие уязвимости; VL3 Допустимость установки недекларируемого ПО; VL5 Носители информации; VL6 Открытые ОС",AD Системы / настройки администрирования; A Антивирус; DS Цифровая подпись; FW Межсетевой экран; IDS Система обнаружения вторжений; L Программная защита информации от НСД; R Резервное копирование,DA3 Уничтожение информации; DA4 Модификация информации; DA5 Блокирование информации; DA7 Нарушение работоспособности системы
УБИ.197,Угроза хищения аутентификационной информации из временных файлов cookie,Внешний нарушитель со средним потенциалом,"S1 Конкуренты; S2 Недобросовестные партнёры; S4 Хакеры, мошенники",medium,0.66,"Информация, хранящаяся на компьютере во временных файлах (программное обеспечение)",t,f,f,0.33,ST1 Инсталляция и запуск вирусов; ST2 Несанкционированный доступ; ST7 Проникновение через сервисы,"VL1 Нештатное дополнительное ПО; VL2 Устаревшие версии ПО или версии, имеющие уязвимости; VL3 Допустимость установки недекларируемого ПО; VL4 Обход администратором правил и режимов безопасности; VL5 Носители информации; VL6 Открытые ОС; VL7 Отсутствие средств защиты ЛВС",AD Системы / настройки администрирования; A Антивирус; DD DDoS-фильтры; DS Цифровая подпись; DZ Демилитаризованная зона ЛВС; FW Межсетевой экран; HP Honeypot; IDS Система обнаружения вторжений; L Программная защита информации от НСД; R Резервное копирование,DA1 Копирование (чтение) информации; DA3 Уничтожение информации; DA4 Модификация информации; DA5 Блокирование информации; DA6 Хищение информации; DA7 Нарушение работоспособности системы
УБИ.198,Угроза скрытной регистрации вредоносной программой учетных записей администраторов,Внешний нарушитель со средним потенциалом,"S1 Конкуренты; S2 Недобросовестные партнёры; S4 Хакеры, мошенники",medium,0.66,"Система управления доступом, встроенная в операционную систему компьютера (программное обеспечение)",f,t,f,0.33,ST1 Инсталляция и запуск вирусов; ST2 Несанкционированный доступ; ST7 Проникновение через сервисы,"VL1 Нештатное дополнительное ПО; VL2 Устаревшие версии ПО или версии, имеющие уязвимости; VL3 Допустимость установки недекларируемого ПО; VL4 Обход администратором правил и режимов безопасности; VL5 Носители информации; VL6 Открытые ОС; VL7 Отсутствие средств защиты ЛВС",AD Системы / настройки администрирования; A Антивирус; DD DDoS-фильтры; DS Цифровая подпись; DZ Демилитаризованная зона ЛВС; FW Межсетевой экран; HP Honeypot; IDS Система обнаружения вторжений; L Программная защита информации от НСД; R Резервное копирование,DA1 Копирование (чтение) информации; DA3 Уничтожение информации; DA4 Модификация информации; DA5 Блокирование информации; DA6 Хищение информации; DA7 Нарушение работоспособности системы
УБИ.199,Угроза перехвата управления мобильного устройства при использовании виртуальных голосовых ассистентов,Внешний нарушитель со средним потенциалом,"S1 Конкуренты; S2 Недобросовестные партнёры; S4 Хакеры, мошенники",medium,0.66,"Мобильное устройство и запущенные на  нем приложения (программное обеспечение, аппаратное устройство)",t,f,t,0.66,ST2 Несанкционированный доступ; ST4 Перехват трафика,"VL2 Устаревшие версии ПО или версии, имеющие уязвимости; VL4 Обход администратором правил и режимов безопасности; VL6 Открытые ОС; VL7 Отсутствие средств защиты ЛВС",AD Системы / настройки администрирования; A Антивирус; DD DDoS-фильтры; DZ Демилитаризованная зона ЛВС; FW Межсетевой экран; HP Honeypot; IDS Система обнаружения вторжений; L Программная защита информации от НСД; R Резервное копирование,DA1 Копирование (чтение) информации; DA2 Перехват информации; DA4 Модификация информации; DA6 Хищение информации; DA7 Нарушение работоспособности системы
УБИ.200,Угроза хищения информации с мобильного устройства при использовании виртуальных голосовых ассистентов,Внешний нарушитель со средним потенциалом,"S1 Конкуренты; S2 Недобросовестные партнёры; S4 Хакеры, мошенники",medium,0.66,Данные пользователя мобильного устройства (аппаратное устройство),t,f,f,0.33,ST2 Несанкционированный доступ,"VL2 Устаревшие версии ПО или версии, имеющие уязвимости; VL4 Обход администратором правил и режимов безопасности; VL6 Открытые ОС; VL7 Отсутствие средств защиты ЛВС",AD Системы / настройки администрирования; A Антивирус; DD DDoS-фильтры; DZ Демилитаризованная зона ЛВС; FW Межсетевой экран; HP Honeypot; IDS Система обнаружения вторжений; L Программная защита информации от НСД; R Резервное копирование,DA1 Копирование (чтение) информации; DA4 Модификация информации; DA6 Хищение информации; DA7 Нарушение работоспособности системы
УБИ.201,Угроза утечки пользовательских данных при использовании функций автоматического заполнения аутентификационной информации в браузере,Внешний нарушитель со средним потенциалом,"S1 Конкуренты; S2 Недобросовестные партнёры; S4 Хакеры, мошенники",medium,0.66,Аутентификационные данные пользователя (программное обеспечение),t,f,f,0.33,ST2 Несанкционированный доступ,"VL2 Устаревшие версии ПО или версии, имеющие уязвимости; VL4 Обход администратором правил и режимов безопасности; VL6 Открытые ОС; VL7 Отсутствие средств защиты ЛВС",AD Системы / настройки администрирования; A Антивирус; DD DDoS-фильтры; DZ Демилитаризованная зона ЛВС; FW Межсетевой экран; HP Honeypot; IDS Система обнаружения вторжений; L Программная защита информации от НСД; R Резервное копирование,DA1 Копирование (чтение) информации; DA4 Модификация информации; DA6 Хищение информации; DA7 Нарушение работоспособности системы
УБИ.202,Угроза несанкционированной установки приложений на мобильные устройства,Внешний нарушитель со средним потенциалом,"S1 Конкуренты; S2 Недобросовестные партнёры; S4 Хакеры, мошенники",medium,0.66,"Мобильные устройства (аппаратное устройство, программное обеспечение)",t,f,f,0.33,ST1 Инсталляция и запуск вирусов,"VL1 Нештатное дополнительное ПО; VL2 Устаревшие версии ПО или версии, имеющие уязвимости; VL3 Допустимость установки недекларируемого ПО; VL5 Носители информации; VL6 Открытые ОС",AD Системы / настройки администрирования; A Антивирус; DS Цифровая подпись; FW Межсетевой экран; IDS Система обнаружения вторжений; L Программная защита информации от НСД; R Резервное копирование,DA3 Уничтожение информации; DA4 Модификация информации; DA5 Блокирование информации; DA7 Нарушение работоспособности системы
УБИ.203,Угроза утечки информации с неподключенных к сети Интернет компьютеров,Внешний нарушитель со средним потенциалом; Внутренний нарушитель со средним потенциалом,"S1 Конкуренты; S2 Недобросовестные партнёры; S3 Персонал организации; S4 Хакеры, мошенники",medium,0.66,Программное обеспечение,t,f,f,0.33,ST1 Инсталляция и запуск вирусов; ST2 Несанкционированный доступ,"VL1 Нештатное дополнительное ПО; VL2 Устаревшие версии ПО или версии, имеющие уязвимости; VL3 Допустимость установки недекларируемого ПО; VL4 Обход администратором правил и режимов безопасности; VL5 Носители информации; VL6 Открытые ОС; VL7 Отсутствие средств защиты ЛВС",AD Системы / настройки администрирования; A Антивирус; DD DDoS-фильтры; DS Цифровая подпись; DZ Демилитаризованная зона ЛВС; FW Межсетевой экран; HP Honeypot; IDS Система обнаружения вторжений; L Программная защита информации от НСД; R Резервное копирование,DA1 Копирование (чтение) информации; DA3 Уничтожение информации; DA4 Модификация информации; DA5 Блокирование информации; DA6 Хищение информации; DA7 Нарушение работоспособности системы
УБИ.204,Угроза несанкционированного изменения вредоносной программой значений параметров программируемых логических контроллеров,Внешний нарушитель со средним потенциалом,"S1 Конкуренты; S2 Недобросовестные партнёры; S4 Хакеры, мошенники",medium,0.66,Аппаратное устройство,f,t,f,0.33,ST1 Инсталляция и запуск вирусов; ST2 Несанкционированный доступ,"VL1 Нештатное дополнительное ПО; VL2 Устаревшие версии ПО или версии, имеющие уязвимости; VL3 Допустимость установки недекларируемого ПО; VL4 Обход администратором правил и режимов безопасности; VL5 Носители информации; VL6 Открытые ОС; VL7 Отсутствие средств защиты ЛВС",AD Системы / настройки администрирования; A Антивирус; DD DDoS-фильтры; DS Цифровая подпись; DZ Демилитаризованная зона ЛВС; FW Межсетевой экран; HP Honeypot; IDS Система обнаружения вторжений; L Программная защита информации от НСД; R Резервное копирование,DA1 Копирование (чтение) информации; DA3 Уничтожение информации; DA4 Модификация информации; DA5 Блокирование информации; DA6 Хищение информации; DA7 Нарушение работоспособности системы
УБИ.205,Угроза нарушения работы компьютера и блокирования доступа к его данным из-за некорректной работы установленных на нем средств защиты,Внешний нарушитель с низким потенциалом,"S4 Хакеры, мошенники",low,0.33,"Аппаратное устройство, программное обеспечение",f,f,t,0.33,ST3 DDoS-атаки,VL7 Отсутствие средств защиты ЛВС,DD DDoS-фильтры; DZ Демилитаризованная зона ЛВС; FW Межсетевой экран; HP Honeypot; IDS Система обнаружения вторжений,DA5 Блокирование информации; DA7 Нарушение работоспособности системы
УБИ.206,Угроза отказа в работе оборудования из-за изменения геолокационной информации о нем,Внешний нарушитель с высоким потенциалом,"S1 Конкуренты; S2 Недобросовестные партнёры; S4 Хакеры, мошенники",high,1.00,Аппаратное устройство,t,f,t,0.66,ST5 Проникновение во внутреннюю сеть,VL4 Обход администратором правил и режимов безопасности; VL6 Открытые ОС; VL7 Отсутствие средств защиты ЛВС,AD Системы / настройки администрирования; DD DDoS-фильтры; DZ Демилитаризованная зона ЛВС; FW Межсетевой экран; HP Honeypot; IDS Система обнаружения вторжений; L Программная защита информации от НСД,DA1 Копирование (чтение) информации; DA4 Модификация информации; DA6 Хищение информации; DA7 Нарушение работоспособности системы
УБИ.207,Угроза несанкционированного доступа к параметрам настройки оборудования за счет использования «мастер-кодов» (инженерных паролей),Внешний нарушитель с низким потенциалом; Внутренний нарушитель с низким потенциалом,"S3 Персонал организации; S4 Хакеры, мошенники",low,0.33,"Аппаратное устройство, программное обеспечение",t,t,t,1.00,ST2 Несанкционированный доступ,"VL2 Устаревшие версии ПО или версии, имеющие уязвимости; VL4 Обход администратором правил и режимов безопасности; VL6 Открытые ОС; VL7 Отсутствие средств защиты ЛВС",AD Системы / настройки администрирования; A Антивирус; DD DDoS-фильтры; DZ Демилитаризованная зона ЛВС; FW Межсетевой экран; HP Honeypot; IDS Система обнаружения вторжений; L Программная защита информации от НСД; R Резервное копирование,DA1 Копирование (чтение) информации; DA4 Модификация информации; DA6 Хищение информации; DA7 Нарушение работоспособности системы
УБИ.208,Угроза нецелевого использования вычислительных ресурсов средства вычислительной техники,Внешний нарушитель с низким потенциалом; Внутренний нарушитель с низким потенциалом; Внешний нарушитель со средним потенциалом; Внутренний нарушитель со средним потенциалом,"S1 Конкуренты; S2 Недобросовестные партнёры; S3 Персонал организации; S4 Хакеры, мошенники",medium,0.66,"Средство вычислительной техники, мобильное устройство",f,f,t,0.33,ST1 Инсталляция и запуск вирусов,"VL1 Нештатное дополнительное ПО; VL2 Устаревшие версии ПО или версии, имеющие уязвимости; VL3 Допустимость установки недекларируемого ПО; VL5 Носители информации; VL6 Открытые ОС",AD Системы / настройки администрирования; A Антивирус; DS Цифровая подпись; FW Межсетевой экран; IDS Система обнаружения вторжений; L Программная защита информации от НСД; R Резервное копирование,DA3 Уничтожение информации; DA4 Модификация информации; DA5 Блокирование информации; DA7 Нарушение работоспособности системы
УБИ.209,"Угроза несанкционированного доступа к защищаемой памяти 

ядра процессора",Внешний нарушитель с низким потенциалом; Внутренний нарушитель с низким потенциалом,"S3 Персонал организации; S4 Хакеры, мошенники",low,0.33,Аппаратное устройство,t,t,t,1.00,ST2 Несанкционированный доступ; ST7 Проникновение через сервисы,"VL2 Устаревшие версии ПО или версии, имеющие уязвимости; VL4 Обход администратором правил и режимов безопасности; VL6 Открытые ОС; VL7 Отсутствие средств защиты ЛВС",AD Системы / настройки администрирования; A Антивирус; DD DDoS-фильтры; DZ Демилитаризованная зона ЛВС; FW Межсетевой экран; HP Honeypot; IDS Система обнаружения вторжений; L Программная защита информации от НСД; R Резервное копирование,DA1 Копирование (чтение) информации; DA4 Модификация информации; DA5 Блокирование информации; DA6 Хищение информации; DA7 Нарушение работоспособности системы
УБИ.210,"Угроза нарушения работы информационной системы, вызванного обновлением используемого в ней программного обеспечения",Внутренний нарушитель с высоким потенциалом,S3 Персонал организации,high,1.00,"Аппаратное устройство, микропрограммное, системное и прикладное программное обеспечение",f,t,t,0.66,ST2 Несанкционированный доступ,"VL2 Устаревшие версии ПО или версии, имеющие уязвимости; VL4 Обход администратором правил и режимов безопасности; VL6 Открытые ОС; VL7 Отсутствие средств защиты ЛВС",AD Системы / настройки администрирования; A Антивирус; DD DDoS-фильтры; DZ Демилитаризованная зона ЛВС; FW Межсетевой экран; HP Honeypot; IDS Система обнаружения вторжений; L Программная защита информации от НСД; R Резервное копирование,DA1 Копирование (чтение) информации; DA4 Модификация информации; DA6 Хищение информации; DA7 Нарушение работоспособности системы
УБИ.211,"Угроза использования непроверенных пользовательских данных при формировании конфигурационного файла, используемого программным обеспечением администрирования информационных систем",Внутренний нарушитель с низким потенциалом,S3 Персонал организации,low,0.33,Системное программное обеспечение,t,t,f,0.66,ST2 Несанкционированный доступ,"VL2 Устаревшие версии ПО или версии, имеющие уязвимости; VL4 Обход администратором правил и режимов безопасности; VL6 Открытые ОС; VL7 Отсутствие средств защиты ЛВС",AD Системы / настройки администрирования; A Антивирус; DD DDoS-фильтры; DZ Демилитаризованная зона ЛВС; FW Межсетевой экран; HP Honeypot; IDS Система обнаружения вторжений; L Программная защита информации от НСД; R Резервное копирование,DA1 Копирование (чтение) информации; DA4 Модификация информации; DA6 Хищение информации; DA7 Нарушение работоспособности системы
УБИ.212,Угроза перехвата управления информационной системой,Внутренний нарушитель со средним потенциалом,S3 Персонал организации,medium,0.66,Инфраструктура информационных систем,t,t,t,1.00,ST2 Несанкционированный доступ; ST4 Перехват трафика,"VL2 Устаревшие версии ПО или версии, имеющие уязвимости; VL4 Обход администратором правил и режимов безопасности; VL6 Открытые ОС; VL7 Отсутствие средств защиты ЛВС",AD Системы / настройки администрирования; A Антивирус; DD DDoS-фильтры; DZ Демилитаризованная зона ЛВС; FW Межсетевой экран; HP Honeypot; IDS Система обнаружения вторжений; L Программная защита информации от НСД; R Резервное копирование,DA1 Копирование (чтение) информации; DA2 Перехват информации; DA4 Модификация информации; DA6 Хищение информации; DA7 Нарушение работоспособности системы
УБИ.213,Угроза обхода многофакторной аутентификации,Внешний нарушитель с высоким потенциалом,"S1 Конкуренты; S2 Недобросовестные партнёры; S4 Хакеры, мошенники",high,1.00,"Системное программное обеспечение, микропрограммное обеспечение, учетные данные пользователя",t,t,t,1.00,ST1 Инсталляция и запуск вирусов; ST2 Несанкционированный доступ,"VL1 Нештатное дополнительное ПО; VL2 Устаревшие версии ПО или версии, имеющие уязвимости; VL3 Допустимость установки недекларируемого ПО; VL4 Обход администратором правил и режимов безопасности; VL5 Носители информации; VL6 Открытые ОС; VL7 Отсутствие средств защиты ЛВС",AD Системы / настройки администрирования; A Антивирус; DD DDoS-фильтры; DS Цифровая подпись; DZ Демилитаризованная зона ЛВС; FW Межсетевой экран; HP Honeypot; IDS Система обнаружения вторжений; L Программная защита информации от НСД; R Резервное копирование,DA1 Копирование (чтение) информации; DA3 Уничтожение информации; DA4 Модификация информации; DA5 Блокирование информации; DA6 Хищение информации; DA7 Нарушение работоспособности системы
УБИ.214,Угроза несвоевременного выявления и реагирования компонентами информационной (автоматизированной) системы (в том числе средствами защиты информации) на события безопасности информации,Внутренний нарушитель со средним потенциалом,S3 Персонал организации,medium,0.66,"Программное обеспечение, каналы связи (передачи) данных",f,t,t,0.66,ST1 Инсталляция и запуск вирусов; ST2 Несанкционированный доступ; ST4 Перехват трафика,"VL1 Нештатное дополнительное ПО; VL2 Устаревшие версии ПО или версии, имеющие уязвимости; VL3 Допустимость установки недекларируемого ПО; VL4 Обход администратором правил и режимов безопасности; VL5 Носители информации; VL6 Открытые ОС; VL7 Отсутствие средств защиты ЛВС",AD Системы / настройки администрирования; A Антивирус; DD DDoS-фильтры; DS Цифровая подпись; DZ Демилитаризованная зона ЛВС; FW Межсетевой экран; HP Honeypot; IDS Система обнаружения вторжений; L Программная защита информации от НСД; R Резервное копирование,DA1 Копирование (чтение) информации; DA2 Перехват информации; DA3 Уничтожение информации; DA4 Модификация информации; DA5 Блокирование информации; DA6 Хищение информации; DA7 Нарушение работоспособности системы
УБИ.215,Угроза несанкционированного доступа к системе при помощи сторонних сервисов,Внешний нарушитель со средним потенциалом,"S1 Конкуренты; S2 Недобросовестные партнёры; S4 Хакеры, мошенники",medium,0.66,Программное обеспечение (программы),t,t,t,1.00,ST2 Несанкционированный доступ; ST7 Проникновение через сервисы,"VL2 Устаревшие версии ПО или версии, имеющие уязвимости; VL4 Обход администратором правил и режимов безопасности; VL6 Открытые ОС; VL7 Отсутствие средств защиты ЛВС",AD Системы / настройки администрирования; A Антивирус; DD DDoS-фильтры; DZ Демилитаризованная зона ЛВС; FW Межсетевой экран; HP Honeypot; IDS Система обнаружения вторжений; L Программная защита информации от НСД; R Резервное копирование,DA1 Копирование (чтение) информации; DA4 Модификация информации; DA5 Блокирование информации; DA6 Хищение информации; DA7 Нарушение работоспособности системы
УБИ.216,"Угроза получения несанкционированного доступа к приложениям, установленным на Smart-картах",Внешний нарушитель со средним потенциалом,"S1 Конкуренты; S2 Недобросовестные партнёры; S4 Хакеры, мошенники",medium,0.66,Программное обеспечение (программы),t,t,t,1.00,ST2 Несанкционированный доступ,"VL2 Устаревшие версии ПО или версии, имеющие уязвимости; VL4 Обход администратором правил и режимов безопасности; VL6 Открытые ОС; VL7 Отсутствие средств защиты ЛВС",AD Системы / настройки администрирования; A Антивирус; DD DDoS-фильтры; DZ Демилитаризованная зона ЛВС; FW Межсетевой экран; HP Honeypot; IDS Система обнаружения вторжений; L Программная защита информации от НСД; R Резервное копирование,DA1 Копирование (чтение) информации; DA4 Модификация информации; DA6 Хищение информации; DA7 Нарушение работоспособности системы
УБИ.217,Угроза использования скомпрометированного доверенного источника обновлений программного обеспечения,Внутренний нарушитель со средним потенциалом; Внешний нарушитель со средним потенциалом,"S1 Конкуренты; S2 Недобросовестные партнёры; S3 Персонал организации; S4 Хакеры, мошенники",medium,0.66,"Информационная система, файлы",t,t,t,1.00,ST1 Инсталляция и запуск вирусов,"VL1 Нештатное дополнительное ПО; VL2 Устаревшие версии ПО или версии, имеющие уязвимости; VL3 Допустимость установки недекларируемого ПО; VL5 Носители информации; VL6 Открытые ОС",AD Системы / настройки администрирования; A Антивирус; DS Цифровая подпись; FW Межсетевой экран; IDS Система обнаружения вторжений; L Программная защита информации от НСД; R Резервное копирование,DA3 Уничтожение информации; DA4 Модификация информации; DA5 Блокирование информации; DA7 Нарушение работоспособности системы
УБИ.218,Угроза раскрытия информации о модели машинного обучения,Внешний нарушитель с высоким потенциалом; Внутренний нарушитель со средним потенциалом,"S1 Конкуренты; S2 Недобросовестные партнёры; S3 Персонал организации; S4 Хакеры, мошенники",high,1.00,"Программное обеспечение (программы), использующее машинное обучение; модели машинного обучения",t,f,f,0.33,ST2 Несанкционированный доступ,"VL2 Устаревшие версии ПО или версии, имеющие уязвимости; VL4 Обход администратором правил и режимов безопасности; VL6 Открытые ОС; VL7 Отсутствие средств защиты ЛВС",AD Системы / настройки администрирования; A Антивирус; DD DDoS-фильтры; DZ Демилитаризованная зона ЛВС; FW Межсетевой экран; HP Honeypot; IDS Система обнаружения вторжений; L Программная защита информации от НСД; R Резервное копирование,DA1 Копирование (чтение) информации; DA4 Модификация информации; DA6 Хищение информации; DA7 Нарушение работоспособности системы
УБИ.219,Угроза хищения обучающих данных,Внешний нарушитель со средним потенциалом; Внутренний нарушитель со средним потенциалом,"S1 Конкуренты; S2 Недобросовестные партнёры; S3 Персонал организации; S4 Хакеры, мошенники",medium,0.66,"Программное обеспечение (программы), использующее машинное обучение; обучающие данные машинного обучения",t,f,f,0.33,ST2 Несанкционированный доступ,"VL2 Устаревшие версии ПО или версии, имеющие уязвимости; VL4 Обход администратором правил и режимов безопасности; VL6 Открытые ОС; VL7 Отсутствие средств защиты ЛВС",AD Системы / настройки администрирования; A Антивирус; DD DDoS-фильтры; DZ Демилитаризованная зона ЛВС; FW Межсетевой экран; HP Honeypot; IDS Система обнаружения вторжений; L Программная защита информации от НСД; R Резервное копирование,DA1 Копирование (чтение) информации; DA4 Модификация информации; DA6 Хищение информации; DA7 Нарушение работоспособности системы
УБИ.220,"Угроза нарушения функционирования («обхода») средств, реализующих технологии искусственного интеллекта",Внешний нарушитель с высоким потенциалом; Внутренний нарушитель со средним потенциалом,"S1 Конкуренты; S2 Недобросовестные партнёры; S3 Персонал организации; S4 Хакеры, мошенники",high,1.00,"Программное обеспечение (программы), реализующие технологии искусственного интеллекта",t,f,f,0.33,ST2 Несанкционированный доступ,"VL2 Устаревшие версии ПО или версии, имеющие уязвимости; VL4 Обход администратором правил и режимов безопасности; VL6 Открытые ОС; VL7 Отсутствие средств защиты ЛВС",AD Системы / настройки администрирования; A Антивирус; DD DDoS-фильтры; DZ Демилитаризованная зона ЛВС; FW Межсетевой экран; HP Honeypot; IDS Система обнаружения вторжений; L Программная защита информации от НСД; R Резервное копирование,DA1 Копирование (чтение) информации; DA4 Модификация информации; DA6 Хищение информации; DA7 Нарушение работоспособности системы
УБИ.221,Угроза модификации модели машинного обучения путем искажения («отравления») обучающих данных,Внешний нарушитель с высоким потенциалом; Внутренний нарушитель со средним потенциалом,"S1 Конкуренты; S2 Недобросовестные партнёры; S3 Персонал организации; S4 Хакеры, мошенники",high,1.00,"Программное обеспечение (программы), использующее машинное обучение; модели машинного обучения; обучающие данные машинного обучения",f,t,f,0.33,ST2 Несанкционированный доступ,"VL2 Устаревшие версии ПО или версии, имеющие уязвимости; VL4 Обход администратором правил и режимов безопасности; VL6 Открытые ОС; VL7 Отсутствие средств защиты ЛВС",AD Системы / настройки администрирования; A Антивирус; DD DDoS-фильтры; DZ Демилитаризованная зона ЛВС; FW Межсетевой экран; HP Honeypot; IDS Система обнаружения вторжений; L Программная защита информации от НСД; R Резервное копирование,DA1 Копирование (чтение) информации; DA4 Модификация информации; DA6 Хищение информации; DA7 Нарушение работоспособности системы
УБИ.222,Угроза подмены модели машинного обучения,Внутренний нарушитель с высоким потенциалом,S3 Персонал организации,high,1.00,"Программное обеспечение (программы), использующее машинное обучение; модели машинного обучения",t,t,f,0.66,ST2 Несанкционированный доступ,"VL2 Устаревшие версии ПО или версии, имеющие уязвимости; VL4 Обход администратором правил и режимов безопасности; VL6 Открытые ОС; VL7 Отсутствие средств защиты ЛВС",AD Системы / настройки администрирования; A Антивирус; DD DDoS-фильтры; DZ Демилитаризованная зона ЛВС; FW Межсетевой экран; HP Honeypot; IDS Система обнаружения вторжений; L Программная защита информации от НСД; R Резервное копирование,DA1 Копирование (чтение) информации; DA4 Модификация информации; DA6 Хищение информации; DA7 Нарушение работоспособности системы
УБИ.223,"Угроза несанкционированного доступа к контейнерам, предоставляющего пользователям расширенные привилегии",Внешний нарушитель с низким потенциалом; Внутренний нарушитель с низким потенциалом,"S3 Персонал организации; S4 Хакеры, мошенники",low,0.33,Docker-контейнер,t,t,t,1.00,ST2 Несанкционированный доступ,"VL2 Устаревшие версии ПО или версии, имеющие уязвимости; VL4 Обход администратором правил и режимов безопасности; VL6 Открытые ОС; VL7 Отсутствие средств защиты ЛВС",AD Системы / настройки администрирования; A Антивирус; DD DDoS-фильтры; DZ Демилитаризованная зона ЛВС; FW Межсетевой экран; HP Honeypot; IDS Система обнаружения вторжений; L Программная защита информации от НСД; R Резервное копирование,DA1 Копирование (чтение) информации; DA4 Модификация информации; DA6 Хищение информации; DA7 Нарушение работоспособности системы
УБИ.224,Угроза нарушения целостности (подмены) контейнеров,Внешний нарушитель со средним потенциалом; Внутренний нарушитель со средним потенциалом,"S1 Конкуренты; S2 Недобросовестные партнёры; S3 Персонал организации; S4 Хакеры, мошенники",medium,0.66,"Информационная система, сетевой узел, носитель информации, объекты файловой системы, учетные данные пользователя, образ docker-контейнера",t,t,t,1.00,ST2 Несанкционированный доступ,"VL2 Устаревшие версии ПО или версии, имеющие уязвимости; VL4 Обход администратором правил и режимов безопасности; VL6 Открытые ОС; VL7 Отсутствие средств защиты ЛВС",AD Системы / настройки администрирования; A Антивирус; DD DDoS-фильтры; DZ Демилитаризованная зона ЛВС; FW Межсетевой экран; HP Honeypot; IDS Система обнаружения вторжений; L Программная защита информации от НСД; R Резервное копирование,DA1 Копирование (чтение) информации; DA4 Модификация информации; DA6 Хищение информации; DA7 Нарушение работоспособности системы
УБИ.225,Угроза нарушения изоляции контейнеров,Внешний нарушитель с низким потенциалом; Внутренний нарушитель с низким потенциалом,"S3 Персонал организации; S4 Хакеры, мошенники",low,0.33,"Сервер, рабочая станция, docker-контейнер, машинный носитель информации, метаданные",f,t,t,0.66,ST1 Инсталляция и запуск вирусов; ST2 Несанкционированный доступ; ST7 Проникновение через сервисы,"VL1 Нештатное дополнительное ПО; VL2 Устаревшие версии ПО или версии, имеющие уязвимости; VL3 Допустимость установки недекларируемого ПО; VL4 Обход администратором правил и режимов безопасности; VL5 Носители информации; VL6 Открытые ОС; VL7 Отсутствие средств защиты ЛВС",AD Системы / настройки администрирования; A Антивирус; DD DDoS-фильтры; DS Цифровая подпись; DZ Демилитаризованная зона ЛВС; FW Межсетевой экран; HP Honeypot; IDS Система обнаружения вторжений; L Программная защита информации от НСД; R Резервное копирование,DA1 Копирование (чтение) информации; DA3 Уничтожение информации; DA4 Модификация информации; DA5 Блокирование информации; DA6 Хищение информации; DA7 Нарушение работоспособности системы
УБИ.226,Угроза внедрения вредоносного программного обеспечения в контейнеры,Внешний нарушитель со средним потенциалом; Внутренний нарушитель со средним потенциалом,"S1 Конкуренты; S2 Недобросовестные партнёры; S3 Персонал организации; S4 Хакеры, мошенники",medium,0.66,Docker-контейнер,t,t,t,1.00,ST1 Инсталляция и запуск вирусов; ST2 Несанкционированный доступ; ST7 Проникновение через сервисы,"VL1 Нештатное дополнительное ПО; VL2 Устаревшие версии ПО или версии, имеющие уязвимости; VL3 Допустимость установки недекларируемого ПО; VL4 Обход администратором правил и режимов безопасности; VL5 Носители информации; VL6 Открытые ОС; VL7 Отсутствие средств защиты ЛВС",AD Системы / настройки администрирования; A Антивирус; DD DDoS-фильтры; DS Цифровая подпись; DZ Демилитаризованная зона ЛВС; FW Межсетевой экран; HP Honeypot; IDS Система обнаружения вторжений; L Программная защита информации от НСД; R Резервное копирование,DA1 Копирование (чтение) информации; DA3 Уничтожение информации; DA4 Модификация информации; DA5 Блокирование информации; DA6 Хищение информации; DA7 Нарушение работоспособности системы
УБИ.227,Угроза модификации (подмены) образов контейнеров,Внешний нарушитель со средним потенциалом; Внутренний нарушитель со средним потенциалом,"S1 Конкуренты; S2 Недобросовестные партнёры; S3 Персонал организации; S4 Хакеры, мошенники",medium,0.66,"Образ docker-контейнера, сетевой узел, сетевое программное обеспечение, docker-контейнер",t,t,t,1.00,ST1 Инсталляция и запуск вирусов; ST2 Несанкционированный доступ,"VL1 Нештатное дополнительное ПО; VL2 Устаревшие версии ПО или версии, имеющие уязвимости; VL3 Допустимость установки недекларируемого ПО; VL4 Обход администратором правил и режимов безопасности; VL5 Носители информации; VL6 Открытые ОС; VL7 Отсутствие средств защиты ЛВС",AD Системы / настройки администрирования; A Антивирус; DD DDoS-фильтры; DS Цифровая подпись; DZ Демилитаризованная зона ЛВС; FW Межсетевой экран; HP Honeypot; IDS Система обнаружения вторжений; L Программная защита информации от НСД; R Резервное копирование,DA1 Копирование (чтение) информации; DA3 Уничтожение информации; DA4 Модификация информации; DA5 Блокирование информации; DA6 Хищение информации; DA7 Нарушение работоспособности системы
